10000
38262 1
35253 -2
79192 -1
4474 1
92446 -1
24436 -1
58919 1
81293 1
14843 -2
33924 -2
61407 1
26590 -1
71889 -2
27093 -1
86898 -1
35638 -2
8985 -2
77778 -2
58662 1
72306 1
24437 -1
13068 -2
54413 -1
35835 -1
62501 -1
70336 -2
36000 -2
50565 1
14883 1
57233 -1
27921 1
41915 1
38420 1
73526 -2
82225 -1
20751 1
33078 -2
34670 1
70667 -2
32415 -1
41180 -1
89131 1
81995 -1
21231 1
50167 -1
12498 -1
82670 -1
12452 -1
67072 -2
17326 1
62196 -2
74847 -1
26565 -2
11326 -2
75350 -1
59291 1
58963 1
88981 -2
1728 1
69573 -2
62964 -1
9680 -2
49211 -2
56309 1
78593 -1
30711 -2
39344 -1
61775 -2
84837 -1
51093 1
57115 1
96824 -1
32228 -2
26929 -1
16595 -2
15894 -2
28497 1
90035 -2
33363 -1
67914 -1
77919 -2
65030 -2
76646 -2
94303 1
24170 1
32713 1
79455 -2
10069 -1
58872 -2
52292 -1
63550 -1
3509 1
72893 1
47316 -1
92485 1
98833 -1
9858 -2
48726 -2
34342 1
50572 -1
2732 -1
63399 -1
95697 1
51515 1
70160 -2
9784 -1
32778 -1
36838 -2
20947 -2
57865 1
82266 -2
58037 -1
39144 -2
33195 1
53374 -2
49879 1
17947 -2
28276 -1
80454 -2
55753 1
56312 -1
10552 -2
47872 -2
2048 -2
96869 1
96181 -2
34037 1
35623 -2
11226 -2
51201 1
71733 1
46423 -2
92521 -2
94325 -1
14420 -2
27127 1
98785 1
84084 -2
13560 -1
67750 -1
62059 1
19689 -2
7156 -1
51352 1
61808 1
84284 -2
1752 -2
54553 -2
77854 1
62483 -1
82703 1
94584 1
39316 -1
55648 1
62827 1
47851 -2
99065 -1
32801 1
88566 1
37599 -2
71745 -1
94088 -2
11762 -2
83346 -1
35455 -2
47120 1
94588 -2
32568 -2
33608 -1
51890 -1
1444 -2
2357 -1
20696 -1
95714 1
45304 -1
68926 -2
53351 -1
71180 -1
26024 -2
31463 -2
90534 -1
65393 1
46597 -2
40285 1
49309 -2
15381 -2
19029 -2
23428 1
92606 -2
31716 -2
24038 -2
90104 1
59765 1
10859 -1
76648 -2
58366 -1
83571 1
28296 1
31299 -2
83257 -2
26207 -1
45478 -2
67541 -2
37838 -1
37526 -2
16712 -2
26795 1
28105 1
49488 1
59312 -1
35692 -1
3669 -2
35395 -1
38252 -2
90106 1
28908 -2
1915 1
55902 1
81785 -2
80959 -1
33737 -1
66155 -1
80364 -2
22121 -2
6904 -1
80504 -1
27226 -2
73712 1
19295 -2
87291 1
9527 1
82717 -2
32090 -2
54203 1
23701 1
30018 1
66866 -2
49251 -2
98669 -1
37230 -1
594 -2
91657 -2
51548 -1
99972 1
24399 -1
66651 1
93006 1
61688 1
16803 1
13410 -2
80502 -2
26563 1
9645 -2
817 -2
20547 -1
54288 -1
7016 -2
49043 1
8134 -2
3066 -2
24587 -2
59145 -2
43013 -1
71401 -2
49991 1
27191 -1
91936 -2
14109 1
8812 1
49122 -1
77450 -1
20288 -2
1735 -1
8151 -1
2749 -2
42036 1
95718 -1
77658 -2
94953 1
14724 -2
82087 -2
68425 1
65738 -1
98183 -1
82705 -1
22803 -2
55052 -2
41733 -1
70934 -1
15496 1
47017 -1
32247 -1
56834 -1
24723 1
89414 -2
39935 -1
60073 1
7544 -1
59294 -1
25323 -2
89830 1
60831 -1
48327 1
27517 -2
37303 -1
82391 1
78831 1
4296 1
8632 1
6933 -1
18199 -2
18665 -2
41134 -2
88148 1
67100 -2
82915 -1
37706 -1
85125 -1
22816 -1
12148 -2
4892 1
34954 -1
8047 -2
5531 -1
97238 1
89847 -2
46436 -2
58004 1
6272 -2
69939 -1
20269 -1
38459 1
26696 1
41760 1
76584 1
80318 1
96201 1
23917 -1
83548 1
57662 -1
64600 -1
30425 -2
66356 1
70564 -1
29256 1
50405 -1
42032 -2
73196 -2
50180 -2
14069 -2
89759 1
81577 -1
54694 -1
14707 1
16897 1
46251 -2
60979 -2
49134 -2
99823 -2
58079 -2
58050 1
68348 -1
93720 -2
96987 -1
31022 -2
98770 -1
62644 1
85698 -2
90613 1
64642 1
3796 -2
31854 1
65635 -2
14403 -2
30727 -1
96429 -1
95814 -1
61373 1
61703 -1
17331 -1
29516 -1
92732 -2
46910 1
92599 1
57332 -1
19188 -2
80407 1
12153 -2
47068 1
86993 1
7196 1
47786 -1
57675 -1
83030 -1
45439 1
27666 -1
9492 -1
47999 -2
3042 -1
37506 -2
72966 1
76769 1
37156 1
21444 1
21805 -1
60212 -2
19130 -2
83500 1
70438 -1
96151 1
52592 -2
58735 -1
70204 -2
3771 1
76224 -1
70011 -1
50443 -2
61119 -1
2597 1
51738 -1
39787 1
6440 -2
29644 -2
96532 -1
56825 -1
11404 -2
74207 1
8686 1
19048 -1
69522 -2
80036 -2
74271 1
24926 -1
37397 1
16737 -2
75661 1
42248 -2
83765 1
61156 1
94745 -1
85911 1
58137 1
69850 1
79366 -1
81295 -2
99571 -1
98628 1
27171 1
5234 -2
28047 -2
78503 1
98808 1
25111 1
80302 -1
29574 -2
3979 -2
73248 1
44686 1
65498 1
24272 -1
84289 -1
40640 -1
88833 -2
2903 -1
71092 1
67655 1
91929 -1
92882 -1
3348 -1
39529 -1
76477 -2
66431 -2
57130 1
42894 -1
1034 -1
8893 -1
20703 -1
89385 1
6591 -2
29759 1
96305 1
29640 -1
11930 -1
17760 -1
82435 1
31856 1
69629 -2
87904 1
48574 1
36573 1
4764 -1
13133 -1
75755 -2
69284 -1
9927 1
71898 1
21808 1
60142 -1
36706 1
78829 1
40602 -2
45473 1
77529 -1
67775 -1
91062 -2
31532 1
25980 -1
96402 -2
21139 -2
20756 -1
78762 -1
89375 -1
12973 -1
27727 -1
59787 1
45007 1
58131 -2
88405 -2
71619 -1
15136 -2
19327 1
95955 1
5310 -2
24495 1
77651 1
24502 -2
44620 -2
18090 -1
69856 1
45593 -2
73398 -2
80897 1
66876 -1
83646 -1
31120 -1
14011 -2
8908 1
9857 -2
1737 -2
71603 1
53909 -2
45679 -1
65426 -2
64568 1
42340 -1
65406 -1
43023 1
47245 -2
63813 -2
52265 -2
61813 1
75745 1
79238 -1
420 1
90602 1
68234 -1
84516 -1
25402 -1
85576 1
26499 1
95994 1
39667 -2
1854 -2
88937 -2
17022 -2
28655 -1
38258 -2
33102 -1
50647 -2
34708 -2
24611 -1
6151 -2
82752 1
99300 -2
9677 1
38632 -2
55715 -1
74232 1
65548 -2
83392 -1
79937 -1
44676 -2
95403 1
26609 -1
86627 -2
22059 1
65894 -2
38834 -2
91940 1
7716 -1
33996 -1
93273 1
84412 -1
37408 1
71475 1
68261 -1
81265 -2
21993 -2
60662 1
38779 -1
39118 -2
91212 1
47496 -2
12270 -1
16711 1
27440 -1
78186 1
44188 -2
45462 -2
8609 -1
98069 -1
34037 -2
21939 1
86866 -1
80080 -1
66828 -2
47215 -2
82310 1
10853 -2
21680 1
42433 1
50949 1
63157 -2
75217 1
24634 1
93131 -2
51162 1
76410 1
61061 -1
29130 1
81916 -1
26320 -2
30206 1
10637 -2
74904 1
33482 -1
88401 -1
21185 1
18011 -2
28449 -2
93846 -1
78354 -2
72861 1
48319 -2
35664 1
94414 -1
2360 1
30080 -1
26630 -2
83406 -2
25713 -1
63015 -1
47527 -1
2731 -2
58463 -1
18264 -2
85912 -2
89016 -2
12842 -1
26899 -1
37342 -1
64129 1
92907 1
3436 -2
47951 -2
81572 -1
79348 -1
95057 -2
3588 -2
43206 1
83811 -1
50155 -2
9420 -1
15467 1
72775 -2
24687 -1
53886 1
59284 -2
62966 1
69846 -2
68722 1
87873 -2
71183 -1
82326 -2
89630 -2
20469 1
59440 -1
63900 -2
42365 1
14517 -1
78313 -1
49284 -1
36798 -1
72720 -2
31228 -2
23794 1
39972 1
47868 -1
65551 -2
65529 1
98140 -2
65159 -1
27734 -1
73516 -2
76383 -2
99121 -2
60311 1
13655 -1
83936 1
14616 -1
19859 -2
96549 -1
17480 -2
2375 1
69388 -2
81244 -1
23708 -1
78779 -2
3568 1
12818 -1
33215 -2
20261 -1
78237 1
10848 -1
40899 -1
40809 1
30254 -1
15349 -2
26390 -1
95933 -2
54914 -2
23803 -1
91554 1
49210 -1
3602 -2
77219 1
45384 -1
75235 1
11093 -2
17619 -2
99918 -1
12128 -2
82647 1
75037 1
11188 1
19934 -1
48225 -2
16604 -2
59010 -1
28266 1
17647 1
1637 -1
68743 1
7210 -1
44709 -1
28481 1
43980 1
17471 -2
95783 -2
8957 -2
4371 -2
72719 1
4902 1
24028 -2
22909 1
66141 -1
8935 1
51751 -1
85703 -2
32850 1
33355 1
3518 1
71523 -1
17756 -1
91919 -2
73726 1
56857 1
76992 -2
65194 -1
41418 1
78110 1
95503 -1
26495 -1
5478 -2
87949 -1
72592 -2
22010 -1
73824 -2
46345 -1
19241 -1
31155 1
63941 -1
95271 -2
81690 -1
47809 -1
99220 1
99233 -2
51536 -2
97407 1
21475 -1
63845 -1
48242 -1
86490 1
63884 -2
12121 1
44458 -2
8131 -2
7300 -2
69033 -1
65705 -2
72857 1
79788 -2
60738 1
37761 -2
88304 -1
45968 -1
86 1
46628 -1
49570 1
42353 -1
91754 -1
74521 -2
39560 -1
18930 -1
36201 -1
39772 -1
21456 -2
60536 1
96410 -1
84447 1
60833 -2
32860 -1
12775 1
84117 -1
88753 -2
61913 -2
41476 1
69158 -2
38489 -2
96402 -1
14136 -2
84309 -2
20480 -2
98385 -1
78606 -2
83304 1
60592 -1
36966 -1
87583 -1
21549 -2
79171 -1
99154 -1
48940 1
67811 -1
98161 -2
68348 -2
29034 1
48534 -1
73863 1
82315 1
92544 1
36890 1
12028 -2
80317 -1
51852 -1
71341 -1
7598 1
59857 -1
86761 1
22229 1
93039 1
43251 -2
96928 -2
37846 -1
40379 -1
72112 -1
92082 -2
27453 -2
57518 1
87748 1
27469 -1
20490 -1
574 -2
30427 1
16555 1
63310 1
1941 -1
47180 1
17173 -2
95787 -2
74954 -1
29238 1
93864 1
9239 -1
58734 1
24078 1
85716 -2
86912 1
3868 1
11838 -1
60507 -1
24604 -2
67277 1
99933 -1
34125 -1
45902 1
89863 -1
62925 -1
910 -1
85596 -2
40450 -1
84039 -2
25948 -2
28629 -2
37149 -1
22549 -2
3767 -1
59396 1
33975 -1
11062 1
55463 -2
26822 -2
68155 1
36593 -1
87681 -2
7156 1
20304 -1
47702 1
76938 1
15883 -2
66577 -1
26055 1
57243 -2
34936 1
73441 -2
29981 -2
79194 -2
41880 1
77879 -1
12703 -2
21511 -1
24278 1
3468 -2
51428 -1
77470 1
4153 -1
3777 -1
37264 1
25727 1
89593 -1
98463 1
79966 -1
19990 -2
84312 -1
53847 1
73224 -2
22334 -2
84469 1
37429 1
46316 1
14135 -2
44290 -1
30573 -1
8659 1
30963 -2
33181 -1
41586 -1
36497 -2
54067 1
72225 -2
87248 -2
59105 -2
57554 -2
1698 -1
30116 -2
66923 1
25363 -1
85129 -2
96324 -1
12116 -2
38222 -2
8580 1
99948 -1
42933 -1
41285 -1
12386 -2
31869 -2
15146 -1
41046 -1
66394 1
76007 1
24734 -1
28029 -2
77909 -2
24857 -1
88428 -1
60567 1
39305 -2
88462 -1
63741 1
569 1
32454 -2
34688 -2
91166 -1
34066 1
23964 -1
93968 -1
28863 1
93066 1
13921 -2
4165 -2
69858 1
98152 -1
58827 -1
27699 -2
93062 -2
67848 1
87219 -1
46370 -2
2788 -1
80144 -1
29690 1
27270 -1
91570 -1
83815 -1
5078 1
17933 -1
65130 -2
68250 -2
37248 1
38211 1
73207 -1
84809 1
95801 -1
41261 -1
74992 -1
88757 -1
47564 -1
71489 1
15338 -1
3862 -2
52437 -2
21 1
11137 -2
83931 -1
20191 -2
50174 1
29382 1
64844 -2
92608 1
47407 -2
84515 -2
64759 -2
81629 -2
76116 -1
78599 -1
49421 -2
80763 -2
75650 1
20464 -1
20536 1
70702 -2
96518 -2
55913 -1
51782 1
81877 -1
69206 -2
25247 -1
58024 -2
36252 1
74186 -2
45669 -2
58860 -1
47691 1
73794 -1
29974 -2
97941 -2
36969 1
92872 1
35149 1
58324 -1
15797 -2
59254 -2
31475 -1
6710 1
50430 -1
21465 1
48251 1
72980 1
31201 -1
97375 1
37086 1
59238 -1
88359 -1
93278 -1
36472 -1
31393 -2
58102 1
34721 -1
75074 -1
98671 -1
35509 -2
27811 -1
70832 -1
26144 1
35948 -1
73402 -1
5253 -1
52002 -1
21775 -1
82202 -1
88447 -1
12656 -2
71116 1
44961 1
11278 -1
63640 1
78169 -2
415 -2
97077 -1
90999 -2
46666 1
59583 -1
83297 -1
65099 -2
71517 1
46532 -1
29694 -1
69067 -2
77846 -2
52358 -1
3339 1
95947 -2
3078 -2
56684 -2
2381 -2
76298 -1
73196 -1
53265 1
30258 -2
88390 1
40052 -1
65687 -2
22579 1
78476 -1
56037 1
2174 -2
75843 -1
37843 -2
18625 -2
36970 1
40855 -2
6995 1
56291 1
18560 -2
4653 -1
24185 1
27130 1
70564 1
67550 1
9497 -1
80232 -2
63985 -2
75908 -1
39435 1
92133 -2
47048 -2
52293 -1
29684 -1
70538 1
65206 -2
54570 -2
29273 -1
12129 -2
89121 -2
99717 1
41533 1
4774 -1
67771 1
12123 -1
97461 1
81706 1
65093 -1
97390 -1
51450 -2
74184 1
77040 -1
3300 -1
20470 1
53341 -1
93817 1
4455 -2
12698 -2
15487 -1
38420 -1
98583 -1
93763 -1
4246 -1
75676 -1
92901 1
80679 -2
94267 -1
13809 -2
24026 -2
73019 -2
70368 1
46013 -2
70908 -2
93329 -1
91366 -1
74423 1
76302 1
74267 -2
29389 1
15117 -1
92045 -2
41016 -1
98210 -1
17094 -1
30775 -2
7860 -1
64213 -1
14087 -2
69329 -1
6571 -1
69900 1
46127 -1
95584 -2
96211 1
3722 1
7539 -2
70434 1
72789 -2
65446 -2
76755 -1
94853 -1
48299 -1
42422 -1
48408 -1
37262 -1
43043 -1
24380 -2
13523 1
68659 -2
12943 -1
44009 1
978 -1
21217 -1
61329 -2
56107 -1
34320 1
87834 -1
65350 1
11895 -2
29155 -2
9002 1
96049 -1
89456 -2
98499 1
65745 -2
30832 -2
93149 -1
1449 -2
66001 -2
43102 1
9042 -1
94042 -1
33016 -2
76461 -1
19201 -1
91061 1
53185 -1
21084 -1
28543 -1
17868 -2
39194 1
67656 -1
28507 -1
77855 -1
43629 1
35385 1
28688 -1
16678 -1
35655 -1
21245 -1
60880 -1
92423 -2
32221 -2
45446 -2
11722 -1
45432 -2
22129 1
48653 -1
31954 -2
25011 -2
72172 -1
90753 1
53268 -2
76278 1
41201 -1
69619 -2
82180 1
47155 -1
30597 1
41020 1
59435 -2
4859 -1
31484 -2
23333 -1
98437 -1
87079 -1
48763 1
90567 -2
92127 -2
30914 1
66088 -2
77681 -1
3179 -2
39722 -2
44860 -1
83503 -1
33426 -2
7565 1
43949 1
35300 1
39249 -1
72248 1
74549 -2
35574 -1
3820 1
3825 1
91970 -1
98349 -2
96952 -1
8951 -2
90581 -1
99461 1
61109 -2
92302 1
69029 -1
37333 -1
33748 -1
10225 -2
42101 -1
26816 1
77200 -2
88108 1
28484 -1
45650 1
53532 -1
36932 1
8133 -1
73957 -2
61973 -1
72331 1
77167 -1
73742 1
7864 -1
54106 -2
89587 -2
65575 -1
72595 -1
50098 1
33540 1
71571 -2
19672 -2
65603 -2
59506 -2
71300 1
13600 -2
59310 -1
42420 -1
85118 -2
8942 -2
11205 -1
65343 -1
48294 1
86018 -2
55839 -1
14245 -2
21321 -2
29776 1
22244 -2
97549 -1
63058 -1
68959 -1
86473 1
36253 -2
57792 -2
47723 -2
12239 -2
90716 -2
77610 -1
27771 -1
6750 1
83095 -1
55731 -2
45357 -1
60033 -1
70202 1
58752 1
87860 1
83958 1
59785 -2
9776 1
3435 -2
54503 -2
2754 -1
66975 1
72835 1
93223 -1
50571 -1
36551 -1
592 -2
39407 -1
90926 -1
19450 -2
26869 1
93100 1
51670 -1
5541 -1
95602 -2
24389 -2
79486 1
6926 1
78205 1
85579 -1
19100 -1
56099 -2
6584 -1
73749 -1
42346 -1
26666 1
81705 -1
34916 1
29479 -2
12534 -2
28348 1
81177 1
84040 -2
53871 -2
2910 -2
86146 -2
72830 -1
15707 1
2620 -2
67832 -2
86390 -2
82107 -1
41246 1
1258 1
76975 -1
10943 1
51990 -2
58941 -1
8003 -2
81684 -1
81206 -2
67505 1
76808 1
47631 -1
51293 1
66155 1
82317 -2
46853 -1
86664 1
77024 -2
66937 -2
36021 -2
59576 -2
74151 1
49649 -1
77526 -1
50253 -1
72605 1
53399 -1
69281 -1
73003 -1
61075 -2
1992 -1
80120 -2
49283 1
7152 1
10 -2
34814 -1
7763 -1
4086 -1
34516 -2
20454 -2
58302 -2
3913 -1
84475 1
53004 1
8416 1
43943 -1
66297 -2
18276 -1
91559 -2
49119 1
84313 -1
11883 1
34674 -2
89607 1
61463 -2
54887 1
30103 -2
8077 -1
62960 -2
42983 1
84782 1
23534 -2
61376 -1
81190 1
88707 -1
68251 -2
10056 -1
2462 1
94240 -1
60853 -2
99691 -1
79510 -1
6901 -1
96923 -2
92035 1
97337 -2
37692 1
20858 -2
78450 1
57324 -2
46504 1
52489 -2
35526 -1
16723 -1
27318 -1
97349 -2
19367 -1
38485 -2
99629 -2
66123 1
3274 -2
3895 1
49324 1
83843 -2
5223 -1
3310 1
1862 -1
40512 -1
55001 1
87494 -1
18930 1
9044 -1
76784 -1
87077 1
59597 -2
24892 -1
59271 -1
14502 -1
52585 1
9481 1
64923 -1
36649 1
61824 -2
93782 -1
88447 1
78921 -2
32165 -2
58029 -2
56762 1
88729 -1
1950 -2
98491 -2
44235 -2
27585 -2
62108 1
26222 -1
43550 -1
73756 -2
85462 1
64079 -2
55947 1
46200 1
78739 -2
58639 -2
4095 -2
43678 -1
38160 1
53175 -2
39827 -1
35941 -1
4602 -2
80387 -1
4174 1
27835 1
73531 1
51065 -1
63926 1
604 -1
96759 1
35636 -1
52426 -1
39643 -1
75746 1
15028 -2
27732 -2
49983 -2
71372 -1
3358 1
58477 -1
67845 -2
83337 -2
44827 1
38427 -2
49258 1
98137 -2
31785 -2
47603 1
17816 -1
57287 1
20784 -2
75763 1
17967 -2
88289 -2
97617 1
8621 1
44939 -1
30086 -2
23111 1
77167 -2
29021 -1
91462 -1
25061 -2
95519 -2
15944 -2
63747 1
21724 -2
24515 1
6415 -2
24622 -2
60422 1
78423 -1
59498 -2
80500 -1
30128 1
61107 -2
38351 -1
80116 -2
3463 1
8806 1
48966 -1
41451 1
58676 -1
45691 -1
90178 1
1956 -2
75366 -2
60167 -1
4752 -1
42411 -2
18679 1
44718 -1
99917 -1
32627 -2
31787 -2
56027 -1
99748 -1
83557 -1
68968 -2
72805 -2
32135 1
43019 1
76929 -1
51390 1
88556 -1
26272 -2
25558 -2
73851 1
29421 1
12587 1
43570 -2
72725 -1
45481 1
51709 1
5813 1
71134 -2
24635 -2
94632 1
92573 -2
28107 1
34192 -2
76444 -1
85349 -2
19591 -2
83882 -2
30368 -1
40269 1
73057 -1
85284 1
22264 -2
54135 -2
81974 -2
19778 -2
14099 -1
22270 1
18681 -2
55878 1
89632 -2
89596 1
70401 -2
89005 -2
7195 -1
46349 1
37941 -1
21824 -1
77742 1
4096 -1
39684 -1
71724 -2
64212 -1
92989 1
64174 -1
37096 -1
50841 -2
93778 -1
99993 -1
53606 -1
62134 -2
85704 1
50344 -1
67143 1
86535 -2
791 -1
79088 -2
19107 1
67766 1
75192 -1
82991 -2
97043 1
39015 -1
8897 1
7209 1
83362 -1
48505 -1
25196 -1
35063 1
26139 -1
3884 -2
1762 1
38949 -1
17300 -1
64592 -1
42196 1
51242 -1
41690 1
64531 1
36520 -1
4170 -2
60245 -1
28960 -2
73514 -1
8572 1
37246 -2
65973 -2
97399 -1
20153 -2
16839 -1
1158 -1
85947 -2
69845 -2
63901 -1
29833 1
30322 -1
97374 -1
26508 1
89112 1
80879 -2
13535 -2
8850 1
52637 -1
5905 -2
67298 -2
16955 -2
99632 -2
25251 -2
50223 1
53291 -2
65758 1
29138 -1
32090 1
87769 -1
70020 -2
2605 1
82927 1
36867 -2
92830 1
96587 -2
53537 -1
65403 -2
19574 1
38491 -2
43857 -1
32863 1
79251 1
98395 -2
21907 1
30295 -1
98215 -1
18736 -2
71670 -1
37289 -1
68607 -1
68054 -1
97360 1
3213 -1
41911 -2
98769 -2
46132 -2
82236 -2
58883 -1
92968 -1
37677 1
86289 -1
49076 -2
53474 1
72931 -1
59054 1
26898 1
7146 1
61455 1
53057 1
72216 -2
73470 1
45927 1
21220 -1
53446 -1
59291 -2
57758 -1
35571 -2
52540 1
28239 -2
61045 -2
40524 -2
8516 -2
46061 -2
31679 -2
17129 -1
35808 -1
46151 -2
50593 -1
64093 1
86427 -2
74284 1
48745 -2
3979 1
51648 -1
75667 -1
97844 -1
43917 1
7343 -1
5230 1
83935 -1
34088 -2
43217 -2
39682 -1
24301 -2
22871 -2
41562 -1
79307 1
74044 -1
9562 1
75662 -2
90930 -1
42451 -1
87376 1
233 1
38831 -2
28765 1
5366 1
72737 -2
5972 -1
62696 -2
75331 -2
70616 1
62964 -2
89950 -2
44201 1
25803 -1
34544 -2
6387 -2
78565 -1
46414 -2
32976 -2
36222 -1
92511 -2
7808 -2
61220 -2
13256 -1
73572 -2
56630 -2
30625 -1
17514 -2
20002 1
50466 -2
77355 -2
61961 -2
85685 -2
70232 1
98493 -2
69853 1
78994 -2
28788 -2
54933 -2
23456 -2
74706 -2
45243 -2
68185 -1
99791 1
78784 -1
44791 -2
1861 -1
46286 -2
13360 -1
13618 -2
44326 -2
30349 -1
88045 1
25070 -1
90228 1
72210 -1
92139 1
9216 -2
98562 -1
32853 -1
26510 -1
56074 1
77497 1
80429 -1
37205 -2
1876 -1
86280 -1
55699 1
38129 1
88481 1
88668 -1
86144 1
39465 1
39901 -2
5520 1
30601 1
62506 -1
32867 -1
82321 1
95171 -2
49366 1
69074 1
43040 1
46936 -1
36912 -2
10388 -1
43687 -1
53413 1
38720 -2
81696 -2
21156 -1
1418 -2
72651 1
77479 -2
60371 -2
94252 1
87961 -2
81893 1
63223 1
34297 1
46062 -2
96354 -1
37450 -1
21509 -1
43772 -2
21755 1
56132 1
69808 1
90952 -2
35066 1
35963 1
2023 1
22318 1
4769 1
49003 -2
56435 1
29907 1
57436 -2
80748 -1
29168 -2
19863 1
11906 1
13534 1
91984 1
94411 -1
34838 -1
48452 -1
37563 1
51692 -1
59377 -2
82921 1
57573 -1
17463 -2
58189 -1
46330 1
14312 -1
96486 -1
62269 -2
77940 -2
37930 1
67831 1
97281 -1
76691 -2
88826 -1
17923 1
86597 -2
83814 -1
10588 -1
52365 1
33708 -1
2601 -1
46860 -1
25341 -2
70551 -1
47826 1
4621 -2
1969 1
87011 -1
37811 -1
88753 1
57613 -2
10725 1
11102 -1
90709 1
7234 1
79567 -2
5159 1
47738 -1
95620 1
87077 -2
27727 1
97903 1
17003 1
75638 -1
41093 1
25269 -2
54340 1
99494 -1
57009 -2
47351 1
54639 -2
11722 -2
33703 -2
84792 1
89535 -1
25203 -1
39624 -2
10260 -2
45859 -1
13727 -2
87895 1
27692 -2
29545 -1
16667 1
32714 1
29169 -1
28164 -1
49444 -2
12283 -2
91318 -1
58223 -2
40373 -2
85531 -1
29490 1
9727 -1
63035 1
57597 -1
67005 1
27336 -1
52255 1
74022 -2
55689 -1
35363 -1
87491 1
91092 -1
79687 -1
88703 -2
11844 -1
74967 1
44113 -1
13453 -1
56587 -2
24212 -1
56214 -1
83779 1
32869 1
17008 1
45260 -1
52116 -2
4580 -2
41684 -2
3704 -1
8446 -2
99346 1
88203 -1
49551 -2
78339 -1
57129 -1
38127 1
10708 1
2869 -1
5018 1
81113 1
84455 -1
87420 1
98526 -2
19360 1
20435 -1
70949 -1
18706 -1
11328 -1
57266 1
37445 1
26970 -1
7297 -2
88896 -1
56214 -2
51335 1
70940 1
94961 1
14822 -1
86518 -1
71605 -2
26752 -1
73571 -1
21188 -2
86948 -1
73010 -1
75218 -2
86667 -2
79557 -2
49562 -2
80025 -1
78738 -2
78379 1
89602 -2
99706 -2
84977 -1
2020 -1
10046 -1
6934 -1
27852 -2
21312 -1
96054 -2
56712 1
40948 -2
57744 1
68269 1
45654 -1
31236 1
56207 -1
97595 -2
67584 1
56183 -1
3061 -2
90673 -2
64004 -2
68808 -1
82842 -1
68585 1
95010 -1
17789 1
12821 -1
81468 -1
22121 1
53595 -1
70097 1
65937 -1
63055 -2
52703 -1
92611 -2
12677 -2
59391 -1
1919 -1
35656 -1
2337 -2
52149 -1
12184 -2
69475 -1
78968 -2
98388 1
77242 1
88030 -1
56 -2
99821 -2
54697 -2
55905 1
39854 -2
24340 1
45383 1
78370 1
53378 -2
12525 -2
15217 1
43498 -1
81447 1
65987 -1
49561 1
21591 -1
7936 1
41412 -2
55475 -2
26106 1
27797 1
14440 1
38007 -1
56827 -2
996 1
97350 1
25359 -2
65224 1
78591 -2
48640 -2
74637 -2
5785 1
82347 -2
82307 1
56007 -1
59946 -1
40456 1
53203 1
22956 1
19830 1
3997 -1
19282 1
82249 -2
91243 1
96203 -1
72520 -2
51469 1
54595 -1
11650 -1
20089 -1
17704 1
32923 -1
81055 -2
68948 -2
18473 1
34297 -1
53071 1
64985 1
92981 -2
13410 1
49447 -1
23684 -2
98623 -2
66322 1
81911 -2
39524 1
61295 1
29194 1
74461 -2
81387 1
84218 1
26446 1
71703 -1
23357 -2
14723 -2
97238 -2
6657 -2
47376 -2
65964 1
29728 1
26223 -1
99349 1
57950 -1
34360 -2
95091 -2
15573 -2
17663 -2
21117 1
87897 -2
51396 1
3752 1
91706 -1
77712 -2
26807 1
44557 -1
90994 1
46790 1
12569 -1
11241 -1
81466 -2
4761 -1
56868 -1
43899 -2
48638 -2
63820 1
39932 1
48448 -1
57218 -2
5296 -2
45152 1
51277 -1
42187 1
2655 1
64783 -2
23044 -1
69507 -2
82431 1
52111 1
75336 1
98290 -1
34425 1
82936 1
67739 -1
22582 -2
21127 -2
93436 1
23810 -2
13983 -1
7559 1
90986 -1
81627 -1
18588 1
77257 -1
38833 1
6336 -2
29612 1
64360 -2
59588 -1
56590 -1
89762 -1
91969 -1
22742 -1
64931 -1
97862 -2
6389 1
54678 1
86891 -2
97595 1
1405 -1
18285 -1
75731 1
32337 1
64316 -1
16735 -2
71596 -1
2204 -1
87593 -2
68045 -2
65095 1
97355 -1
62929 -1
19299 -1
44070 -2
68240 -1
73060 1
56569 1
44470 -1
62101 1
86092 -2
30435 -1
92864 -1
76195 -2
26152 -1
43461 -2
62361 1
18781 -2
38766 1
56623 1
15838 -1
62703 1
46212 1
98800 1
49670 -1
89659 1
53802 -1
12446 -2
69104 -1
86636 -2
47039 1
19727 -2
54066 -2
36887 -2
80711 -1
11518 1
22881 1
13406 -2
43469 -2
51329 -1
26342 1
33496 -2
18183 1
32509 -2
23171 -2
52850 -1
69800 -2
25573 -1
69127 -1
59266 1
59314 1
68355 1
52629 -1
34066 -2
90119 -2
29257 -2
78140 -2
354 1
57064 1
9090 -1
15303 -1
8368 -1
91583 -1
37982 1
98389 1
59731 -1
47550 -1
76890 -1
96164 -1
37852 -2
27519 -2
72706 -2
55320 -2
79598 -2
48826 -1
77733 -1
53678 -1
59868 -1
38762 -1
50972 -1
3215 1
81528 -2
54762 1
35929 -2
42116 -1
1976 -1
55602 1
81129 -2
56508 -1
70580 1
22600 1
95932 1
45320 1
71358 1
14734 1
70184 -1
42046 -1
85249 -1
38799 -2
83589 -1
59256 -1
60086 -2
52955 -1
25093 -2
47434 1
55359 -2
45376 -1
6817 1
10419 -2
4733 -1
52981 -2
30475 -1
54391 1
76629 1
88488 1
61528 -1
72109 -1
20116 -1
74247 1
95208 -1
76762 -2
8631 -2
74436 1
75011 -2
24827 1
63599 -2
48270 -2
71662 -2
40845 1
5818 1
40268 -1
12623 -2
46854 1
70705 -1
76121 -2
8837 -1
3575 -2
46718 -2
13004 -2
95690 -1
87817 -2
54929 -1
57034 1
58746 -2
13868 1
47172 -1
5726 -2
92766 -2
17732 1
60349 -2
81834 -2
54384 -2
31314 -2
99922 -2
86238 1
27442 -2
48091 -2
49832 -1
7038 -2
30636 1
38526 1
24497 1
1903 -1
20855 -1
6807 -1
15097 -2
78768 1
8287 1
19973 1
94963 1
69746 -1
58552 -2
58823 -1
64919 -2
62872 -1
90474 -2
65390 -2
44827 -1
98340 -1
75826 -1
91444 -1
59384 -2
96279 -2
8495 -2
3103 1
13545 -2
28099 -1
31748 1
58333 -1
64244 1
61376 -2
6318 -2
37029 -2
96659 -1
85388 -2
93130 1
44251 1
25215 -2
16518 -1
3032 1
39348 -1
60895 -2
69502 1
15664 1
95724 -1
14688 1
19538 -2
19444 1
10346 -2
78438 -1
52796 1
40107 1
37913 -1
87505 -2
67956 -2
38114 -1
14781 1
63888 -2
63908 1
13272 -2
31900 -2
9828 -1
10931 1
87317 1
42003 -1
17283 -1
18545 -1
75525 -2
22566 -2
22887 1
23452 1
9297 -2
64664 1
16575 -2
67366 -1
88500 -1
59300 -1
45612 -2
64766 -1
73901 -2
31157 -2
31442 1
21227 1
96101 1
591 1
5871 -2
11080 -1
53218 -2
19720 -1
54583 1
80711 -2
48291 1
41317 -1
98355 1
91693 -1
93649 1
28575 -1
65923 -2
17723 1
19318 1
41826 1
29833 -2
73071 -1
63376 1
95222 1
97414 1
94953 -1
85895 -1
63017 -2
73039 -1
74694 1
87886 -2
67512 -1
9001 -2
61526 1
48789 -2
11671 -2
55633 1
57484 -2
83350 -1
21176 -2
79242 1
65275 -1
23984 -2
85782 -1
5530 1
52744 -1
32404 1
14549 -2
76283 1
16283 1
5504 -1
32727 -1
55782 -2
70755 -1
61172 -2
94659 1
94585 -2
10313 -1
38536 1
33026 -1
45930 -1
15783 1
24710 -1
79509 -1
21760 1
49710 -2
91737 -1
52838 1
21901 -1
10379 -2
85982 1
5598 1
25721 -2
17667 1
51075 1
25113 1
19510 -2
25739 -2
91155 -2
19695 1
63962 -2
97644 -1
40729 -2
81093 -2
68853 -2
56517 1
30112 -1
1687 1
83527 1
87837 1
41955 -1
51334 1
51366 -1
7150 -2
86001 -2
25811 -1
5138 -1
62360 -2
56074 -1
7756 -1
97227 -1
12976 -2
68461 -1
99526 -1
49215 -1
80084 -1
59674 -2
45109 1
11004 -1
3060 -2
85150 -1
6025 -2
32240 1
9509 -1
13627 -2
27872 -1
57963 -2
52597 -1
1895 -1
48974 1
73306 1
3708 -1
73588 -1
88342 -2
78091 1
57496 -1
13790 -1
32678 -1
8465 -1
23427 -1
78079 -1
51249 -2
51375 -2
29972 -2
8506 -1
82833 -2
73437 -2
7898 -2
17095 -2
76193 -1
14928 -2
62591 -1
57133 -1
96124 -2
87392 1
20335 -2
1908 1
67307 -2
9425 -1
57394 -2
60127 -2
56870 1
5081 -1
31495 -2
27720 1
9373 1
17826 -1
97030 1
19120 -2
56027 -2
1914 -1
39964 1
24877 1
86016 -2
77758 -1
26314 -2
80933 1
52648 -2
8500 -1
97888 -2
82592 -2
10497 1
70141 1
69625 1
66015 -2
3711 -1
72811 1
85174 -1
504 1
48496 1
19212 -1
79577 -2
7069 1
50282 -2
89667 1
96369 -2
30380 -2
59899 1
62733 -1
68367 -1
22640 1
75067 -1
91516 1
60617 -1
15596 -2
88615 -2
31970 1
38419 -1
17974 -1
49792 -2
90918 -2
11374 -1
12955 -2
96619 -2
70483 -1
61879 -2
54137 -2
21061 1
97083 -2
90105 -1
96181 -1
64173 1
16757 -1
93060 -1
32182 -2
48257 1
49200 1
26373 -1
5788 -2
59122 -1
54539 -1
86978 -2
67031 1
66918 1
80416 -1
53059 -1
10342 -1
41194 -1
2014 -1
99691 1
94861 -1
27438 -1
17364 1
15608 1
55054 -1
82381 1
26478 -2
64722 1
51231 -2
73957 1
19790 -2
10271 -1
93863 1
98757 1
63433 1
39125 -1
32314 -1
16403 -2
53032 -1
38589 1
66339 -1
26158 1
17636 1
59648 -2
57612 -1
94377 1
41276 1
30644 1
90920 -1
49435 -2
5106 1
90725 -2
26477 1
9201 -1
11567 1
95 1
90135 1
67793 -2
14357 -2
93620 -1
50921 -2
86292 1
38082 -1
82960 -1
72364 -2
82809 -2
20306 -2
73546 -2
34757 -2
49407 -2
9655 -2
42061 1
76585 1
68393 -2
83868 -2
91703 -1
7140 -2
87733 -2
41507 -1
93208 -2
1103 -2
44708 -2
82074 -1
99873 -2
96911 -1
11978 1
16200 -1
44000 1
60918 1
97975 1
77785 -1
59018 -1
47802 -1
76004 -1
80001 -1
52330 -1
42996 -2
57590 1
90469 1
94928 -2
75971 -2
60200 -1
53181 1
61987 1
42814 1
20898 -1
26735 1
95829 1
99441 1
78178 -2
36613 -1
95201 -1
68634 -2
6071 -2
76927 -1
18316 1
98015 -2
81962 -1
97792 -2
37006 -2
46859 -2
36174 -2
92915 -1
78161 -2
21421 1
51759 -1
15345 -2
90921 -1
15572 -2
22288 -2
5340 -1
57697 -1
90336 -1
54050 -2
42060 -1
45629 -1
60704 1
60060 -1
74807 1
27469 -2
5516 -1
19951 1
88186 1
96684 -1
1876 1
15218 -2
1032 -2
34986 -1
53657 -2
15978 -1
84086 -2
65139 -1
53857 1
8490 -2
30190 -1
81344 1
67804 -1
11934 -1
67224 -1
31380 1
75377 -2
895 1
61367 1
16113 -2
44600 -1
11676 -2
91440 -1
8945 -1
94032 1
35233 -1
1623 -1
91555 1
70368 -2
79760 -2
41234 1
18540 1
90744 1
10930 1
88724 -2
38017 -1
58489 1
32662 -1
764 -1
10797 1
66514 -2
59399 -1
53843 -2
5625 1
2825 -1
53711 1
81308 -2
41383 -2
23397 -1
22790 -1
69504 1
88317 -1
88236 -2
12124 1
96000 1
82243 1
23599 -1
40084 -1
45825 1
36276 1
12919 -1
49108 -1
31844 -2
47322 -2
56610 1
42430 -2
93769 -2
64853 -2
16664 1
49089 -1
55375 1
76057 -2
89317 1
5426 1
74378 -2
82218 1
4353 -2
96903 -1
24268 1
21941 -2
53042 1
83080 -2
4179 -1
76596 -1
12937 -1
5324 -1
59032 1
43811 -1
67582 1
34856 -1
42886 -1
88528 1
82636 -2
50513 -2
53555 1
66255 -1
52941 -2
9782 -1
94564 -2
52454 -1
18796 1
25522 -2
85292 -2
36450 1
51325 -1
57414 -1
61361 -1
95978 1
24651 -2
68992 1
40969 1
84646 1
86262 -1
53828 -1
37028 -1
23357 -1
25041 -1
79386 1
52815 1
88956 -1
22216 -1
15738 1
57096 -2
54940 1
1785 1
78347 1
93346 -1
88103 -2
87938 1
31698 1
25804 -1
64758 1
82932 -2
99057 -2
44318 1
48432 -2
27272 1
92939 -1
11039 1
9406 -2
23234 -1
44230 -2
80621 -2
66166 -1
97612 -1
54869 -2
9023 -1
50544 -2
80964 -1
73520 1
57100 -1
496 -1
30239 1
48778 -1
4074 -2
69788 -2
45401 1
8060 1
6892 1
94819 1
82529 -1
36413 -1
91107 -1
4371 -1
52329 -1
3460 -2
42410 -2
94437 1
80345 -1
28930 -2
72276 -1
68312 -1
57122 -2
3766 -2
28895 1
17487 -1
62050 1
24112 -1
56354 -1
22871 -1
36165 -1
63004 -1
86221 1
12232 1
98626 1
35552 1
88547 -2
80916 -1
26079 1
92271 1
62981 -2
12329 1
90981 -2
36401 -2
7362 -2
82051 -1
17258 -1
72575 -1
35921 1
62819 -1
66711 1
64829 -1
50760 -1
54787 -2
95245 -1
94288 -1
32547 -2
31476 -1
69688 1
29408 1
85830 -1
23093 1
82591 -2
476 -2
39816 -1
14043 -1
15973 -2
81339 1
55005 -1
67353 -2
49473 -1
26469 1
77383 1
84523 -1
36943 1
23854 -2
49348 1
57821 -1
82217 -2
96062 -1
96757 1
51958 1
84734 1
68650 -1
95863 -2
27478 -1
13053 -2
68895 -1
66305 -1
22360 -1
55211 1
29658 -1
81737 1
40362 -1
39884 -2
73913 -2
29757 1
50482 1
72183 -2
99266 1
83891 1
19304 1
69920 -2
20877 -1
83234 1
24444 1
26548 -1
25660 1
568 1
90871 -2
94422 1
22115 1
73966 -2
14604 -2
69331 1
88835 -2
68483 1
92003 1
36159 -1
93133 -1
64479 -1
59533 -1
7454 1
64832 -2
3550 -2
10477 -1
49649 1
60853 1
76382 -2
94827 1
27939 -2
1024 -1
82296 -2
74478 -2
81815 -1
48227 1
43783 -2
2499 -1
21971 1
37729 -1
47299 -2
41438 1
85831 -1
79980 -2
28196 -1
11694 -1
85622 1
11799 1
80577 -1
36901 1
99740 -1
36846 -2
49968 -1
31408 1
31351 -1
49607 -1
92845 -1
51896 1
9997 -1
43720 1
4600 1
419 -2
46451 -2
56961 -1
63217 -1
61272 1
58537 -2
58335 -1
37786 -1
10500 -1
50825 -2
65887 1
67946 -1
36607 -1
94188 1
40344 -2
85621 -2
27199 -1
33737 1
89540 -2
76909 1
33164 -1
35896 -1
56081 -1
69516 -1
70241 1
74261 1
69211 -2
40928 1
48469 -1
27163 -1
82136 -2
86100 -2
358 -1
74857 -2
92412 -1
87909 -1
853 -1
19551 1
9186 1
7658 1
5383 -1
72770 -1
40686 -2
27345 1
63862 -1
6335 -1
93785 -2
31598 -1
91080 -2
60381 -1
73888 -1
32560 -1
68058 -1
647 1
5964 -1
30631 -1
57949 -2
69966 1
16253 -2
3287 -2
50943 -1
58426 -2
78752 -1
55696 1
55000 1
62745 -1
97457 -1
96138 -2
10930 -2
5081 1
80455 -2
63886 1
25119 -2
98344 -1
12383 1
45681 -1
73648 -2
23328 -1
84321 -1
61398 1
66154 -2
98061 -2
55864 -1
50488 -2
1580 1
62161 -2
42455 1
51956 -1
66206 1
83609 1
69687 1
44750 1
13190 1
33422 1
63295 -1
56844 -1
91888 -1
38467 -1
60186 -2
23377 -1
73225 1
76432 -1
71532 -2
87306 -1
23960 -1
35327 -2
44014 1
18973 -2
37857 -2
95909 -1
98098 -2
92687 -2
86896 -2
90704 -2
16811 1
57026 -2
43994 -1
71014 -2
52833 1
5927 1
73931 1
75915 -1
80579 -1
29153 -2
92820 -2
82799 -1
27565 -2
59145 -1
19230 -1
25084 -2
72462 -1
1475 -2
73469 1
91361 -2
90944 -2
12346 -1
52564 1
83492 -2
91978 -1
38343 -1
23610 1
80482 1
92038 1
21936 1
12097 -2
47750 -2
58556 -1
49553 1
63520 -1
34767 -1
42996 -1
22255 -1
42362 -1
74402 -2
61156 -1
8869 -1
25304 1
22410 1
62281 1
87265 -1
60063 1
41480 -1
85550 1
33873 1
43609 -1
43041 -2
93194 1
63507 -1
55629 1
67090 1
152 -2
59999 -1
64873 -2
63014 -1
34436 1
33550 -1
99986 1
333 1
67948 1
6327 -2
4133 -1
26460 -2
30868 -2
73042 -1
8482 1
66319 -1
85087 1
37700 1
30124 -2
35992 1
84348 1
93811 1
69620 -2
86353 -1
48687 -1
61608 1
9550 1
51580 -1
69576 -1
33394 -1
89906 -2
36223 -1
25329 1
11016 -2
81042 -1
19362 -1
10183 -1
37333 1
76872 1
51409 -2
75353 -1
85586 -2
68587 -1
89389 -2
93697 1
87037 -2
6696 1
41593 -2
6063 -2
3906 -1
33945 -2
20638 1
99708 1
58440 -2
93700 -2
30957 1
26346 1
35920 1
49330 -2
73103 1
78487 1
30460 1
87146 -1
47934 -2
15964 -2
98091 1
24051 -2
35476 -2
24284 -2
20886 1
42000 -2
69994 -2
24937 -1
72386 -1
2623 -2
28105 -1
87535 1
44427 -2
87314 -2
61155 -2
34162 1
71327 -2
55273 -1
75907 -2
56406 1
85788 -2
41902 1
18872 -1
65173 -1
75249 -2
5989 1
44831 1
79731 -2
74210 -1
81315 -1
54116 -1
75508 -1
62415 -2
28402 -2
65084 -2
51914 1
26211 1
21173 -1
45712 -2
18110 1
15263 -2
75460 1
36962 -2
77825 1
25210 1
45795 -1
8013 -1
32919 -2
91315 1
7121 -1
99170 1
15505 1
19861 -2
35264 1
96601 1
4363 -2
79095 1
40251 -2
30643 1
97894 -2
21327 -1
4775 -1
21405 -2
17396 -1
20190 1
63130 1
90538 -2
34516 1
5743 -1
15914 -2
69258 -1
63547 -2
63856 -1
62192 -1
56137 1
65882 1
43985 -1
31339 -2
75695 -2
56701 1
37009 -2
6434 1
4313 1
57387 1
99232 -1
21977 1
68468 1
35059 -2
53376 1
68036 -1
78943 -2
57282 1
86796 -2
28675 -2
60352 1
47704 1
68516 -2
46306 1
88602 1
16041 -2
30260 -2
99448 -2
18130 -1
18050 -2
43156 -2
27342 -2
37863 1
98241 -1
87294 1
39702 -1
11021 1
99591 -2
99559 -1
18403 -1
11427 -1
3515 -2
57708 -1
49384 -1
6425 -1
69244 1
81467 -2
71655 -1
74721 1
69628 1
81549 1
12275 -1
67521 -1
83292 -2
99293 1
69814 -2
27294 1
62218 -1
10981 1
21383 -2
52479 -2
78035 -1
43370 -1
67959 1
56359 -2
61092 -1
3354 -2
84683 -1
18273 1
74034 1
98454 -2
70273 1
78786 -2
12867 -1
53485 1
1206 -2
61357 1
79585 -1
74912 1
44554 -2
94149 -2
29969 -1
26583 -1
68245 1
23555 1
5557 -2
52950 -2
68178 1
45177 -2
13211 -1
68321 -1
13982 -2
47227 1
70480 -2
16859 -1
78920 1
17532 -1
75086 1
93748 -1
81830 -1
44036 1
64159 -1
88870 1
64667 -2
86710 1
5277 -2
6047 1
79688 -1
18294 -2
3350 -2
33414 -2
39951 1
23019 1
23502 1
82971 -2
86610 -2
92321 1
8580 -1
97831 -2
97643 -1
10811 -1
12351 -2
86640 -1
5681 1
24051 1
35925 1
93352 1
99021 -1
65591 -2
6321 -1
70431 -1
6197 -2
17935 1
73264 -1
12977 1
74879 1
13940 -1
67424 -1
89357 -1
92841 -2
90122 1
20 -1
16185 -1
24401 1
14259 -2
4836 -2
97463 1
61793 1
15600 -1
879 1
92264 -2
38777 -1
5257 -2
14194 -1
88336 -1
61881 -1
86989 -2
52484 -2
23956 -2
95001 -1
36258 1
80383 -1
67037 1
87179 1
77264 1
41244 -1
63695 -2
84121 1
86677 -1
6707 -2
42160 -1
64960 -2
97480 1
73169 -2
17822 -1
77044 1
76192 1
56432 -1
43141 -1
38322 -1
30949 -1
13394 -1
24040 -2
89798 1
28688 1
713 -2
89237 -1
1310 1
33134 -2
47128 -1
71374 1
38407 -1
90251 -2
36381 -2
81191 1
81447 -1
26038 -1
77901 -2
80344 -1
82009 -1
99901 -1
59959 1
67764 1
39567 1
86180 -2
21042 -1
43836 1
20499 -1
30647 -1
43457 1
26469 -2
12344 -2
54520 1
14008 -1
34397 -2
3907 1
26842 1
8900 1
69248 -1
98500 -1
86213 -2
32188 -1
71144 1
35909 1
39296 -1
58540 -2
82046 -2
73811 -1
32690 -2
80931 -1
70892 -1
35701 -2
87997 1
18236 -2
76333 1
2501 1
67624 -1
65016 1
96870 -2
78626 1
16682 -2
67210 -2
46105 -1
38750 -2
72066 1
22856 -2
69618 -2
6466 1
74293 -2
43579 -2
59753 -1
33576 1
95674 1
93424 -2
76819 -2
41397 -2
86413 -2
60256 -2
11685 -1
98563 -2
81426 -1
7300 1
34616 -2
55513 1
47104 1
6682 1
53396 -1
32261 1
32445 -2
81177 -1
89320 1
21165 -1
36407 1
56613 1
5189 -1
96371 1
45716 1
2078 1
42164 1
85436 -1
22019 -2
94908 -2
3605 1
85483 -1
86890 -2
6604 -1
17960 -2
27437 -1
56177 -2
40158 -1
51063 -2
72509 1
36352 1
18026 -1
2266 -2
95073 1
30998 -2
38126 1
88534 -2
65425 -1
47979 -2
52550 1
84087 -2
47152 -1
99659 -1
45176 -1
72977 -1
29301 -1
27324 -2
70379 1
3703 -2
61000 -2
49858 -2
7004 -1
49928 1
84586 1
32868 -2
15685 -1
5095 1
65025 -1
97764 -2
84451 -1
17211 -1
69476 -2
68919 -2
2883 -2
148 -1
42290 -1
22392 -2
64857 1
44207 -1
53110 -2
26973 -2
12658 -2
86057 1
35554 -2
29168 1
53998 -2
598 1
56755 1
80240 1
85333 -1
98247 -2
59856 -1
32365 -2
12312 -2
50722 -2
28248 -2
20409 -2
18722 -1
77509 -2
3850 -1
19977 -1
75505 -1
77301 1
97258 -2
1950 1
9109 -1
32422 -1
68008 -1
27674 -2
3990 1
6621 -1
77964 -1
92086 -1
56843 -2
99030 -1
71712 1
67155 -1
34303 -1
83424 -2
84897 1
2111 -2
32883 -1
34785 -1
27051 1
32472 1
7932 -2
93655 -2
97710 1
20107 -2
13428 -2
47556 -2
95436 -2
44812 -2
14806 -2
3356 -1
12886 -2
58596 -2
27121 -1
40326 -1
90870 -2
5850 -1
60703 -1
22920 -2
74855 -2
59928 -2
24141 -2
55359 1
90662 -1
52523 -1
6767 1
81733 -1
5994 -1
96650 1
41632 -1
9761 1
5037 -1
78878 -1
50192 1
35430 -1
18239 1
54320 1
94383 -2
24542 -2
73255 -2
63635 -2
59280 -1
37425 -2
84387 1
75555 1
63214 -2
73115 -2
99764 1
49763 -2
61368 1
41985 1
9040 -1
16565 -1
38018 -2
30208 1
17070 -1
14095 1
23187 -1
88412 -1
72123 1
38171 -1
73264 1
95541 1
3405 -2
90858 1
255 -2
18553 -2
17007 -2
94849 1
54781 -1
28540 1
50281 -1
17584 -2
73435 -2
36300 1
47555 -2
37775 1
41258 1
64265 -2
43126 -1
44881 -1
41771 -2
2534 -2
42896 1
95806 -1
6261 1
79029 -2
4054 -1
28653 1
52241 -2
35770 -1
35219 -1
69455 1
51439 -2
9087 1
25345 -1
3346 -1
15125 1
51740 1
58034 1
93220 1
91580 -2
58408 -1
36263 -2
93516 1
60834 -1
18461 1
90662 -2
12807 -1
89183 -2
9836 1
29945 -2
2342 -2
12576 1
9814 -2
90732 -2
9013 -1
17116 -2
38245 1
12719 -2
79777 1
5245 -1
16945 -2
59252 -2
95690 1
40051 -2
24961 -2
16508 -1
75606 -1
41224 -2
5184 -1
75858 -1
43828 -1
93711 -2
79518 1
32937 -1
67216 -2
85880 1
53482 -1
66712 1
35003 -1
66941 -2
39609 1
79283 1
96022 -1
81117 -2
39230 1
75717 1
2804 -2
60436 -2
70201 1
78357 1
82381 -2
37963 1
23649 -1
52814 1
54705 -1
95480 -2
4268 -1
9705 -2
85948 1
78230 -2
1144 -2
25171 1
8793 -1
90100 -1
28361 -1
20078 -2
57783 1
50936 -2
16258 1
81046 1
60549 -2
73676 -2
17720 -2
38413 1
19630 -2
41847 1
66181 1
7886 1
47625 -1
4999 -2
31057 -1
89649 -2
86469 1
66421 -2
99179 -2
99085 1
88847 -1
70864 -2
54745 1
78613 -2
1682 -2
87727 -2
61876 -2
56161 -1
84421 -1
57054 -1
64588 1
11338 1
70660 -1
68901 -2
62860 1
14271 -1
7836 -2
8486 -1
27164 -1
14760 -1
57060 1
96616 -1
42737 -1
23976 1
86730 1
32347 -1
9206 -2
75593 -2
38222 -1
51903 -1
63751 -2
79793 -1
62055 1
13653 1
25060 1
6329 1
26177 -1
35726 -1
52552 -2
49771 1
41433 1
26438 1
53701 -2
29050 -1
90852 -2
66718 1
73148 -2
16516 1
68318 1
5082 -1
25482 1
39799 -2
51175 -2
46941 -2
1520 -1
91070 -2
55529 -1
96297 -1
64264 -2
75196 -1
40570 1
8598 -1
29593 -1
33128 1
34807 1
72115 1
35629 -2
55018 -2
83331 1
16090 -1
33067 -1
35105 -2
35683 -2
84594 -1
37158 -1
89951 1
19088 1
20537 -2
90707 -1
14743 -2
3745 -1
64026 -1
836 -2
789 -1
97286 -2
7537 -2
72935 1
15255 -1
82040 -1
73274 1
14700 -2
36565 -1
56504 -1
53078 1
73669 -1
13545 1
94899 -1
98020 -2
8147 -2
26041 -2
74288 -2
20192 1
4521 1
87648 -2
22347 -1
37359 1
5147 -1
55836 1
57775 1
30780 -1
27804 -1
12812 1
6654 -2
62337 1
96660 1
34225 -1
93799 1
23797 1
88894 -1
73733 -2
72126 1
60366 -1
75508 -2
40102 -1
28427 -1
35124 -1
69502 -1
19215 1
78478 1
21243 -2
43650 -1
7917 -2
6444 1
39798 -2
22804 1
24995 -2
73885 1
70440 1
80799 1
29859 -2
50049 -1
71319 -2
32884 -1
60834 -2
63961 -2
271 -1
59126 -2
3817 1
49885 -1
92150 -1
61494 -2
12906 -2
11689 -1
18320 -2
62966 -1
15351 1
14879 -2
37231 1
65812 -2
51190 -1
14933 1
93500 -1
2301 1
40851 1
90704 1
85845 1
50532 -2
52383 -2
56046 -1
60736 -1
63841 -2
42030 -2
66409 1
25843 -2
74729 -1
39198 -2
49631 -2
71694 -1
17681 1
56696 1
22835 1
5008 -1
67919 -1
50691 -2
28380 -2
64255 1
4190 -2
25716 1
61309 -1
64091 -2
48562 -2
63386 -1
63094 -1
32525 -1
57533 1
78122 -1
77589 -1
98623 -1
60548 -1
20382 -2
24005 -1
10593 1
289 1
74197 1
17618 -2
40592 -2
98425 1
83000 1
33790 1
21025 -1
7971 -1
71691 -1
30196 -1
81560 -2
35871 -2
68940 1
69834 1
97688 -2
97797 1
97662 1
5660 -2
22131 -2
94017 -2
81939 1
30452 -1
87812 -1
67711 1
58756 -1
31830 -2
52046 1
86056 -2
79247 1
61869 -2
89886 1
96882 -1
88164 -1
48280 -2
73698 1
65199 -1
87447 -2
67733 -2
64554 -1
54872 1
67360 -1
83525 -1
55446 -2
2487 1
87290 -2
13186 -1
70255 -1
68541 1
75542 1
36456 -1
73334 -1
5068 -2
33672 -1
60982 -2
89727 1
6454 1
4526 -1
27135 1
21722 -1
41906 -1
50371 -2
72531 -1
59106 1
6197 1
13580 -1
43564 -1
5700 -1
20055 -2
59993 1
9447 -1
27161 -2
34541 -2
62955 -2
75442 -2
29057 -1
85037 -1
61787 1
54309 -2
10275 1
35401 -1
85960 -2
88484 -1
78134 -2
77426 1
69454 1
77596 -2
7292 1
2336 1
97979 -2
50505 1
10777 -1
41886 -1
93398 1
80208 -2
11515 -1
5012 1
29861 -1
63801 -1
91680 -2
24426 1
95975 -1
45555 1
68824 -2
23793 -1
2876 -2
69338 -2
28043 -1
50224 -1
51399 -1
91323 -2
13391 1
45410 -2
77173 -2
84623 1
30900 1
60034 1
72872 -2
96546 -1
52174 -2
24969 -2
33028 -2
27507 -1
23137 1
20425 -2
32266 -2
85813 -2
42924 -2
65109 1
97539 1
51378 -1
90733 -1
66813 -2
92877 1
51617 1
65067 -2
98730 -1
40220 -2
17108 1
91730 -1
65925 1
81532 -2
67611 -1
23352 -1
59165 -2
29805 1
90224 -2
22068 1
90612 -1
21482 -1
72484 1
40024 1
49510 -1
83629 1
86487 -1
124 1
41041 -1
42931 -2
4545 -1
12536 1
57932 -2
84968 -1
88187 -1
64834 1
96518 -1
79440 -2
71686 1
64995 -2
78605 -1
53025 -2
32731 1
15110 1
47974 -1
66861 -2
57579 -1
39971 -1
66734 -2
44544 -2
61472 -2
2104 -2
78939 -2
24625 1
11202 -1
48324 1
85391 -1
37013 -2
57893 -1
51974 1
80607 -1
5883 -1
80866 1
51704 1
30483 1
18288 1
14648 -1
13876 1
75143 1
32791 -2
65380 -1
59973 1
74182 -2
37897 -1
54521 -2
61894 -1
50663 1
96339 -2
79957 -1
54223 -2
90076 -2
10525 -2
56034 1
18007 -1
99493 1
89784 1
34707 -1
89293 1
86334 -2
45221 -2
92865 -1
51192 -2
17351 -2
55210 1
25074 -1
18556 1
37765 -2
5451 -2
57637 -1
71339 -2
85844 -2
73599 -1
67732 1
19137 -2
55457 -2
96888 -1
87230 1
277 -2
20979 -2
105 1
28624 -2
41982 1
3347 -2
95463 -2
96963 -2
59892 1
11288 -1
67630 1
99206 -1
16212 -1
82465 -2
33293 -1
99858 -1
69047 -2
72156 -1
46272 1
12537 1
84746 1
20374 -2
19389 1
43521 -2
65172 -1
4594 -1
35281 -1
70365 1
13410 -1
20125 -2
29222 -2
15912 -2
7075 -2
28999 -1
69466 1
95002 -1
48655 -1
61470 -1
43803 -1
92269 -2
97074 -1
7954 -1
81258 -2
90708 -1
64551 -2
20556 -1
67925 -2
72045 -1
70420 -2
61616 -1
16295 -1
87251 -1
83955 1
35110 -2
17176 -2
87512 -2
870 1
66156 1
16891 -1
73391 1
25082 -1
34642 -1
91273 1
98890 1
91660 -1
55118 -1
98793 1
6400 -1
87800 -1
69603 -2
27329 1
91372 -1
2474 -1
22179 -1
43647 -1
89691 -2
90696 -2
26210 -2
14822 1
71366 1
16000 -2
37098 1
19970 -2
28822 1
42577 -1
30804 -1
54006 -2
60500 -1
52219 -2
82724 -1
69630 1
41229 -1
58970 1
25636 -1
98991 1
44007 -2
59846 1
79524 1
24169 -1
72833 -2
5622 -2
95276 1
60967 -2
49878 1
44176 1
77075 -1
88752 1
48477 -1
82172 -1
51129 1
37296 -1
25127 -2
62324 -2
96544 1
53944 1
55230 -2
77086 -2
37838 -2
20979 -1
44737 -1
31110 1
32576 1
34039 1
50942 -1
84775 -2
73057 -2
23771 1
44056 -2
18523 -2
80089 -2
99143 -2
94187 -1
60294 -2
93818 -1
49661 1
36985 -1
41782 -2
22299 1
74770 1
56172 -1
70975 1
36513 1
47334 -1
80089 1
28603 -1
2716 1
38080 1
45728 -2
76712 -2
86430 1
20124 1
90842 1
15033 -2
46855 -2
98607 -1
50170 -1
14485 -2
77618 -2
93271 1
17656 1
98013 -1
5547 -2
89122 -1
40372 1
67601 -2
51555 1
49755 -1
52184 -2
8436 -2
99100 1
27846 -1
75858 1
60372 -2
23700 1
22960 -1
53963 -1
60318 -2
32425 -2
73319 -1
36287 -2
63794 -1
84958 -1
14098 -2
36794 1
23780 -2
11027 -2
8865 1
64839 -1
90188 -2
28454 -1
40471 -2
62804 -2
9434 1
4887 1
85907 -1
95480 1
98810 -1
36873 -2
83490 -1
42076 -1
95537 -2
70812 1
34787 1
82671 -2
92243 1
43089 -1
14408 -2
37043 -2
59750 -1
42725 1
4114 -2
62753 -2
65211 -1
69623 -2
75131 1
62588 -2
78649 1
95326 -2
92683 1
65007 1
34332 -1
54477 -1
63145 -2
74800 -1
80503 1
33731 -2
13286 1
4051 -2
53087 -1
80184 -1
49496 -1
27678 -1
5325 1
99794 -2
65548 -1
63676 1
77541 -2
19452 -2
23888 -2
60770 -1
40151 -2
76182 -2
62831 -1
92768 1
99608 1
61007 -2
2651 -2
58210 1
17803 1
42192 -2
63933 -1
54267 -2
30855 1
66741 -2
62951 -1
49342 -1
72673 -1
93358 -2
62332 -2
46442 -2
49892 -2
79154 -1
61501 -2
14717 -1
71609 1
16301 -1
50531 -2
46901 -1
96380 -2
97822 -2
60655 1
45211 -2
78254 1
35798 -2
98477 -2
216 -2
57534 1
20959 -1
763 1
78970 -2
80888 -2
22215 -1
64391 -1
51018 -1
98955 1
63925 -2
22456 1
59353 1
7431 -2
89787 1
81954 -2
19576 -2
88533 -1
97776 -1
67476 -2
53849 1
58797 1
95190 1
1594 -2
44524 -2
9592 -2
47799 1
47464 -2
39701 1
2353 -2
91093 -1
16315 -2
32926 1
24681 -2
18858 1
85115 -1
10042 1
4247 -1
21763 1
9287 -1
84826 1
5372 -2
99344 -1
97205 1
40307 -2
72213 -1
89761 -2
61525 -2
19668 1
40835 -1
28118 -2
5115 -1
67889 -2
41679 -1
57853 -2
99316 -2
10715 -1
48524 -2
9901 -2
72240 -2
65040 1
74661 -2
51451 -1
50125 1
45688 -2
63871 -1
6788 1
31138 -2
1037 -1
72921 -2
62869 1
59914 -1
17473 -1
2130 1
99844 1
75149 -2
75036 -1
37268 -1
36656 -2
35628 1
44747 -1
26828 -2
24779 -1
78556 1
24824 -2
55017 1
15564 -2
78916 1
2921 -2
19023 1
16185 -2
91919 1
82965 1
21984 -2
37036 -2
32692 -2
69082 1
27724 -1
86117 -1
43257 -2
66554 1
20363 -2
90902 -1
95316 1
51423 -2
61391 -2
48180 -2
69271 1
56943 -2
72029 1
57900 -2
60639 -2
43183 -2
32555 -1
43541 -2
86357 -1
27862 1
34011 -1
13246 1
90486 -2
19770 1
1479 -1
4354 -1
47024 -2
53850 -1
52111 -2
10862 -1
73244 -1
56035 -2
20402 -1
18053 1
96375 -2
51199 -2
25756 -2
34207 -1
79842 1
88560 -2
98944 -1
8305 -2
49947 -2
13775 -2
8462 1
25549 -2
53720 -2
15014 -2
52940 -1
63971 1
92090 -2
65443 1
18531 1
6645 1
64593 1
3089 1
32790 -1
21450 -2
44674 -2
33253 -2
98021 -1
72353 -2
45977 -2
28537 -2
86464 -1
18932 1
14950 -2
87174 -1
97129 -2
25852 1
94722 -1
82246 1
41779 -1
78674 -1
18337 -2
91836 -1
97964 -1
68583 -1
60196 -1
6650 -1
57636 -2
60558 -1
57521 -1
44160 -2
45056 1
81085 -1
22689 1
1077 1
1128 -1
79245 -2
75080 -1
50774 -2
42249 1
65427 -2
96020 -1
72939 -2
90502 -2
10299 -1
72222 1
24660 -2
65945 -2
67728 -2
56010 -1
9685 1
43966 -1
54603 -2
91567 -2
43144 -1
17890 -1
74484 -1
76430 -2
75254 1
8051 1
81809 -2
80554 1
81955 -1
11045 -1
82258 1
79908 -1
81353 -1
97797 -1
4636 1
38584 -2
56231 -1
93903 1
64901 -1
71078 -1
50991 -2
65316 -2
69273 1
63638 1
35055 -2
50292 1
7567 -2
54737 1
54615 -1
26882 1
82834 -1
42341 -2
73007 -1
59703 -2
57093 1
65748 -1
22005 -2
26625 -1
40099 -2
24642 -2
95124 1
95573 1
31156 -1
51660 -1
18610 -2
40360 1
33434 1
62147 1
17570 -1
29416 1
9083 1
77984 1
2331 1
66559 -1
250 -1
6132 -2
27639 -1
58265 1
74295 1
49937 1
45904 -2
94081 1
378 1
52160 -2
18602 1
71266 -1
13672 1
68071 1
7870 1
36844 -1
36849 -1
80991 1
94702 -2
49893 1
15711 1
294 1
2105 -1
87594 -1
93124 -1
35079 -1
35340 1
62473 -2
13292 -2
67124 -2
92900 -1
40646 -1
50269 1
90057 -1
11870 -1
30330 1
70108 1
89078 -2
53989 1
23285 -2
19091 1
89641 -1
44992 -1
32516 -1
45081 -2
30459 -2
70376 -2
61890 1
77212 -1
18538 1
68529 1
96813 1
27172 1
17120 -2
24368 -2
52895 -2
48046 1
19502 -1
97633 -1
88490 1
82950 -2
63107 -2
58341 -1
42075 -2
37407 1
24865 -2
39468 1
9476 1
36244 -2
47637 -2
66530 -2
28283 -1
25678 1
16120 -1
82997 -1
25615 -1
5067 -1
15099 -1
97681 1
47317 1
70120 1
56142 -1
27781 -1
63167 1
22164 1
94597 -1
10699 -2
73745 -2
34559 -2
24395 1
46662 -1
84708 1
40308 1
7944 -2
12403 1
7770 1
3908 -2
64341 -1
41218 -2
41658 -1
9173 -1
82380 -1
82709 1
75157 1
98867 -1
25538 -1
49998 -1
4254 -2
25866 1
98575 1
57025 1
71618 1
53147 -2
96229 -1
52335 1
36157 -1
89546 1
73169 1
35646 1
96908 -2
24985 -2
69229 -1
49481 -2
9444 1
81475 -1
2031 1
47418 -2
67894 -1
71568 -2
22047 -1
3845 -2
37861 -1
85434 1
58304 -1
41272 -1
94646 -1
44756 -1
79675 -2
29019 -1
8415 -1
95618 -2
58878 -2
23132 -2
55995 -1
12826 1
43773 1
20231 1
41106 -1
86196 -1
63510 1
70561 1
64656 1
55548 1
50876 1
15452 -2
15360 1
48468 -2
5945 -2
45519 -1
98802 -1
97531 -1
33003 1
70439 -2
62506 -2
3302 -1
68989 1
36916 -1
9250 -1
67379 1
44594 -2
47764 -2
9101 1
72189 -1
25987 -2
32010 1
43368 1
3654 -1
24735 1
24990 -1
56718 -1
36090 -2
94146 1
31434 -1
28124 1
58085 -1
69961 -1
5900 -1
25620 -2
71783 -2
95090 -1
2335 -1
70789 -2
72680 1
52617 -1
61627 -2
52110 -2
56665 -2
43349 -1
8673 -1
96126 -1
53259 -2
77481 -1
33313 -2
87245 1
36799 1
76977 -2
34111 -2
95686 -1
5915 1
24974 -2
8702 1
84277 1
19235 -2
35293 -1
38117 1
93710 -2
22017 -2
16700 -2
44457 1
96810 1
74694 -1
14323 -2
55266 -2
70309 -2
99154 1
69393 -2
59802 1
91553 -1
33382 -1
16172 -2
40839 1
812 -1
50829 -1
60758 1
79998 -2
28312 -1
25062 -2
69556 -2
78328 1
64 1
47701 1
91321 -1
41970 -1
30557 -1
7316 1
25545 1
20185 1
80400 -1
53638 -1
78669 -1
55828 -2
76617 -2
68515 -1
96320 1
48083 1
44318 -1
61145 -2
74012 1
29906 -1
47122 -2
78616 1
79229 -1
65185 -1
7213 -2
14272 -1
25970 1
51620 -2
24179 -2
47371 -1
52359 -1
91833 -1
30220 -2
34579 1
34836 -1
56555 1
37133 1
44494 1
96367 -2
4239 -1
32033 -2
14114 -2
14556 1
43450 -2
12693 -2
97939 -1
42692 -2
86222 -2
48483 -1
99729 -2
39579 1
71414 -1
92931 -2
5956 -1
36391 -2
1405 -2
17973 1
8172 -2
50754 -2
48161 1
89238 1
59637 -1
76356 1
33848 -2
51391 -1
16508 1
78086 -1
38325 1
49996 -2
37633 1
80580 -2
62079 -1
34573 -2
43002 -2
83808 -1
12814 -1
12416 -1
99479 1
53869 1
72059 -1
97933 1
65704 -1
72258 -1
15320 -2
2284 1
40073 1
31650 -1
11571 -2
8848 1
74804 1
13260 -2
41469 -2
63756 1
16864 -2
66347 1
56219 1
9251 -2
99007 -2
58340 -1
73454 -1
13564 -2
50283 -2
60651 1
4879 -2
86324 -2
61928 1
98447 -2
52243 1
45277 1
70630 -1
17405 -1
23134 -2
43544 -2
40515 -1
16084 -2
68702 -1
6282 -1
65462 1
17259 1
24187 -1
82058 1
89673 1
25861 -1
87269 1
59114 -1
31072 -1
25966 -1
33934 -1
13485 -1
40936 -1
30205 -1
40898 -2
30646 -2
42857 -1
95399 -2
46789 -2
96314 1
31607 1
72253 -2
49242 -1
33992 -2
34747 -1
31828 -1
1247 1
34881 1
41823 -1
62286 -2
71897 -2
46448 -1
74066 -2
34772 -1
73384 -1
35271 -1
48354 -1
8369 -2
20687 1
15995 1
74956 -2
92319 -1
67467 1
88590 1
29198 -1
22470 1
77236 1
29284 1
53681 -2
2006 1
28624 1
51857 -1
12317 1
5778 -1
51990 -1
59831 1
25095 -1
62132 -1
32668 -2
48074 1
54107 -2
49991 -2
40853 -1
15236 1
75413 1
33142 -2
66247 -1
18527 -1
26327 -2
89163 -1
78623 -1
7695 -2
24856 1
85725 -2
4940 1
99508 -1
80004 -2
36286 1
23567 -2
85010 -2
32614 1
38864 1
77632 1
85042 -2
49002 -1
71310 1
24938 -2
99993 1
57350 -1
44848 1
96455 -2
42743 1
83427 -1
19092 1
31092 -2
75027 -2
49485 -2
17418 -1
87278 -2
55243 -1
53852 1
52467 -1
42263 -1
6685 1
78764 -2
98569 -2
29182 -1
12402 1
59987 1
27784 -1
29301 1
52162 -2
24952 1
85365 1
33223 -1
35439 1
84473 1
14753 -2
46845 -1
13919 -2
37968 -2
28159 1
54788 1
40077 1
48187 -2
55042 -2
27748 -1
48194 -1
7473 -2
30677 -2
82213 -1
89740 -1
53211 -1
88958 1
41389 -1
23751 -2
37984 1
135 -1
3390 1
50059 1
13810 -1
69151 -1
89548 -2
39658 -2
38029 -1
52908 1
80351 -2
60496 1
94093 -2
94053 -1
39387 1
37799 1
31606 1
70428 1
56740 1
92802 1
1065 1
83523 -1
12558 -1
91276 1
33730 1
87873 -1
75919 -2
97752 -1
75159 1
92675 -1
59287 -2
97695 -1
55016 1
72864 -1
11450 -1
24584 1
98559 1
48508 -1
37887 -1
48613 1
64214 -2
37792 1
65964 -1
18720 -2
13255 1
74519 1
3994 -2
9361 -1
42030 1
21415 -1
68872 -1
12712 1
50693 -2
3257 -2
51428 -2
87506 -1
37040 -1
3071 -2
54517 1
24057 -2
95223 -2
72388 -2
83579 -1
17298 -2
12545 -1
20023 1
38321 -2
99595 1
75339 1
864 -2
47656 1
29455 -1
46510 1
14913 1
74825 1
71718 1
28819 1
90205 1
53866 1
70391 -2
17341 -1
70603 -1
80023 -2
99518 -1
68473 -1
15219 1
972 -2
45012 1
57679 -2
69313 -2
29833 -1
24090 -2
16375 -1
65308 -1
76859 -2
20403 -1
38221 -1
65027 -2
41902 -2
78301 -1
93816 -2
85475 -2
27163 1
69295 -2
2285 -2
85725 -1
19065 -2
85715 -2
48256 1
98767 1
76551 -2
18899 -2
58741 -2
75524 1
3911 -2
96634 1
89943 1
38393 -2
31728 -2
54870 -2
36510 -1
91612 -1
53117 -1
15056 1
98796 -2
95358 -2
23478 -2
23772 1
53601 1
76330 1
32496 -1
32028 -1
80881 -2
48928 1
59234 -2
49563 -1
99412 -2
58241 -2
60136 -1
46263 1
45576 -1
25450 -1
64003 -2
16675 1
60099 -2
13456 -2
14917 -1
33033 -2
61393 -1
24621 -1
35651 -2
84397 -2
23367 -1
67412 1
53997 -2
36852 1
99071 1
89010 -1
48323 1
9276 -1
61169 -1
66836 -1
51189 1
14736 -2
19146 1
91019 -2
79978 -2
98025 1
31368 -2
27510 1
36778 -1
89033 1
15360 -2
69474 -1
41343 1
18015 -1
48557 -2
21502 -1
7963 -1
72855 -1
44487 1
84610 -1
14408 -1
7474 1
13212 1
25978 -1
71796 -1
79474 1
69370 -1
74082 -1
91104 -1
4095 -1
56565 1
65825 1
23273 -2
42132 -2
65574 -2
36991 -2
28590 -2
72772 1
6978 1
27413 -2
95822 -1
8292 -2
37096 -2
6259 -1
66746 1
70441 -1
1684 1
53623 1
21917 -1
85663 -2
26306 -1
59274 -2
95209 -1
95958 -1
50380 1
54850 -2
2038 1
54704 -1
47307 1
44792 -2
98951 -1
27616 -2
7589 -2
2544 1
27471 -2
98916 -1
69632 -2
36995 -1
39752 1
11530 1
48059 -2
53927 -1
24266 -1
68742 -2
40444 -2
88303 1
80788 -2
53693 -2
82481 -2
84570 1
24188 -1
14442 -1
25146 -1
4021 -1
89350 -1
88600 1
70671 -1
36242 -1
54002 -1
89172 1
72994 1
11648 -1
32332 -1
1806 -1
67244 1
28690 1
36760 -1
9811 -2
44622 1
94733 1
53909 -1
57156 1
30249 -1
87089 -1
40698 -1
94429 1
9357 -1
14711 -2
72660 -2
27248 -1
2927 1
68799 -2
59800 1
15943 1
93378 -2
57443 -2
45530 1
54814 -1
80327 -2
62417 -1
2922 1
95064 -2
52303 -2
94619 -1
40813 -2
59842 -2
64932 -1
32677 1
46921 -2
44233 1
13155 -2
94962 -1
95079 -2
33800 -2
33399 1
1425 -2
14180 -2
14379 -1
77299 -2
63722 -2
11433 1
97829 1
23088 1
21597 1
83768 1
34260 -1
36549 -1
30485 -1
38272 -1
45554 1
12120 1
21081 1
48492 -2
17963 -2
22925 -2
5299 1
39933 -2
74161 1
51294 1
17648 -1
10969 1
45637 -2
56393 -2
44238 -2
72308 1
84853 -2
30076 -1
41100 -1
38094 1
79992 -2
42801 1
45032 -2
51634 1
45509 -1
80580 -1
6104 -1
81236 -2
86087 -1
55279 -2
47239 -1
92172 1
36855 -2
12163 -1
51983 1
41590 -2
99916 1
45772 -1
89611 -1
71174 -2
85838 -1
67834 -1
85221 1
8569 -1
25199 1
70458 -1
16646 -2
55766 1
63785 1
3210 -2
42762 -2
747 -1
80056 -1
6593 -2
4617 1
21790 -2
47082 -1
27869 -1
43191 -2
47324 -1
93979 1
37446 -2
17975 -1
12932 1
40802 -1
11573 -2
41826 -2
32863 -2
75134 -2
2497 -1
97962 -2
86452 -2
92673 -1
16116 -1
34986 1
20956 1
648 -2
29379 -2
86391 1
20117 -2
39323 -2
98179 1
37374 -2
73042 -2
79589 1
17758 1
94491 -2
76829 -2
43466 1
63653 -2
33682 -2
24535 -2
7050 -2
84795 -1
18897 -1
56883 1
47485 -1
41327 1
10230 -2
35123 -2
60527 -2
93501 1
23195 1
37592 -2
37146 -1
89185 1
56161 1
23746 -1
62920 -1
43600 -1
82157 1
24164 1
39195 -2
20872 -2
18628 -1
6686 -1
72417 1
8070 -2
68859 1
27413 -1
7344 -1
14121 1
98560 -2
666 -1
15059 -1
2941 -2
47537 -2
31920 -2
8212 1
55894 1
91867 -1
21047 1
83261 -1
41867 -1
39098 1
23626 1
18917 -1
99917 -2
13630 -2
42736 -1
39449 -1
28777 1
2224 1
97373 -1
5430 -1
3278 -1
64782 -1
60269 -1
2837 1
72056 1
17126 -1
74282 -2
70756 1
90480 -2
50918 -2
92948 -2
26795 -2
76455 -2
56077 -1
18504 -2
9634 -2
11479 -1
67274 -1
48690 -1
4435 1
9511 -2
93121 -1
44495 1
98851 -2
57644 1
34173 1
23678 -2
95166 -1
5589 -1
93717 -1
99324 -2
22070 -2
69653 1
10393 -1
34410 1
33056 -2
17801 -1
41455 1
47761 -1
57678 -2
5616 1
80238 -1
54849 -1
12616 1
85371 -1
61994 1
89454 1
24124 1
17458 1
35174 1
45468 1
34583 -2
99548 1
83806 1
4211 1
72842 1
53071 -1
86541 -2
76818 -2
26754 -2
39761 -1
62237 -2
5282 1
23155 -1
69722 1
47511 -2
7804 1
87187 -2
54672 1
77674 1
85119 -2
34012 -1
38746 1
27171 -1
24009 -1
69689 1
92217 -2
91317 1
14730 -1
32574 1
76372 1
58905 -1
88060 -1
90005 -2
58257 -2
69983 -1
80171 -1
41091 -1
49643 1
63938 -2
67192 1
63499 -1
43875 -2
55024 -1
57322 -1
47919 1
87790 -1
47732 -2
12493 -1
30408 1
93000 -2
32861 -1
65816 1
51850 -2
21474 -2
93306 1
41985 -2
6311 -2
26750 1
30800 -2
6039 1
46649 -2
37060 -1
84419 1
8641 -1
32643 1
79840 -1
56122 -1
7411 -1
81997 1
65204 -2
70208 -2
96442 -2
60465 -1
13229 -1
23888 -1
6838 -1
41673 -2
90130 -1
8326 -2
94385 -1
78560 -1
296 -1
54589 -2
52539 -1
69685 -2
21159 1
35298 -1
78611 -1
17764 -1
3166 1
98742 -1
58592 -1
31430 -2
61430 1
65767 -2
17616 -2
61752 1
46573 1
83843 -1
72996 1
56936 -2
1057 -2
59157 -1
82900 -1
63642 -1
72473 -1
86179 -2
1265 1
31383 -1
26233 -1
43372 -1
6436 1
33783 -2
54021 -1
91588 -1
37540 -2
41340 1
68523 1
30653 -1
86929 -2
14262 -2
83764 1
40312 1
68017 -2
67856 -2
19372 1
54342 -2
67067 -2
6898 -2
75709 -1
23832 -1
46104 1
44603 -2
53257 1
86045 -1
11547 -1
46366 -1
52674 -1
41051 1
2231 1
80545 1
2369 -1
36075 -1
69832 -2
45638 -2
23905 -1
73246 -2
91037 -1
66375 -2
31658 -1
81762 1
52869 1
97529 -1
27371 1
84313 1
22031 1
56177 1
84459 -2
40189 -1
52873 1
19354 1
38662 1
53093 -2
72267 -2
15377 1
2304 -1
94778 -1
17127 -1
90198 -2
97107 1
72666 -2
46173 -2
56640 1
51952 -1
61678 -2
78232 -1
39908 -1
76963 -1
54645 1
83875 1
56283 -1
73433 -1
28846 -2
6777 -1
36945 -2
3973 -2
8942 1
74494 -2
22743 -1
44133 -2
94819 -2
53725 -1
20133 1
64175 -2
88359 1
61951 -2
76740 -1
29678 1
55192 -2
9957 1
85081 1
38308 -2
25356 1
42555 1
76463 -2
71214 -2
29126 -1
37730 -1
28798 -1
88520 -1
39238 1
88767 -1
45229 -2
19231 1
5424 -1
23154 -2
11775 1
16623 1
7005 -1
8579 -1
83632 1
58922 -1
69361 1
58747 -2
64133 -1
14784 -1
54528 -2
57897 1
46796 -2
70542 -2
10932 -2
22815 -1
62894 1
87828 -1
30709 -2
45190 -2
49285 -2
89364 1
17567 1
9505 1
62085 1
36421 -1
14694 -2
72301 1
11897 1
92985 1
66172 1
24403 1
71788 -2
59461 -2
60655 -1
2538 -2
85514 -1
46067 1
4417 -2
86905 -2
49550 -1
1831 -2
83041 -1
84577 -1
48814 -2
45796 -2
85679 1
20600 1
12475 -1
27759 1
69218 -2
19306 -1
66825 -1
19816 1
88443 -2
87347 -2
38552 1
47894 -2
48002 1
80390 -2
10231 -1
65720 -1
63691 -2
88965 -1
3120 -2
58142 -2
86255 1
51019 -2
60600 -1
600 1
56702 1
51386 -2
69812 -1
99584 -2
19905 -1
94199 1
90559 1
56533 -1
55800 -1
40346 -2
37476 -2
54946 -1
677 -2
21863 1
5542 -2
36470 -2
97114 1
3 -2
46839 -2
99701 -1
73979 -2
40951 1
78479 -2
6905 -2
20831 -1
39363 -2
53954 -2
43556 -2
49963 1
99763 -1
25555 -1
63439 -2
40778 -2
4174 -1
5035 1
38272 -2
24929 -2
97052 -2
664 -2
51492 -2
38296 -2
68803 -1
36323 1
26813 -1
52575 -1
5268 -2
89406 -2
7125 1
84988 -2
80715 1
51991 -1
7777 -2
46596 1
79214 -1
79924 1
36491 1
78384 -1
95284 -2
93588 1
87336 -1
37930 -1
47301 -2
73035 1
15712 -1
12393 1
8343 -1
30006 -1
3223 -2
5531 -2
93747 -2
37805 -2
56712 -1
26388 -2
57278 -1
4420 -2
88305 1
47827 -1
45287 -2
73425 -2
88537 -2
74904 -2
66374 1
71456 -1
26507 -2
36283 1
8777 -1
18441 -2
52158 1
16919 -2
44253 -1
37020 -1
36861 1
62830 -1
79855 -2
31568 -1
61374 -2
56081 -2
52956 -1
39446 -1
60612 -1
15262 -1
69178 -1
39789 -1
28753 1
97376 -2
62914 -1
16275 -1
10431 1
28426 1
39169 -2
34960 -1
72885 -1
9361 -2
92463 -2
50924 -1
41398 -2
30257 1
86830 -1
15853 -1
39093 -1
69228 1
61561 1
97584 -2
69662 -1
78569 1
61332 1
63202 1
15756 -1
4363 1
90976 -1
91061 -1
43398 -1
53205 -2
78377 1
33786 -1
54188 1
60040 -2
86419 -1
5915 -2
18077 -2
51469 -2
16023 -2
55447 -2
24999 1
68165 1
7558 1
76580 -1
43358 1
94552 1
20892 -1
40184 1
95404 1
77843 1
9064 -1
30908 1
68150 -2
14126 -1
29966 -1
4660 -2
81986 1
91638 -1
98337 1
45368 -2
4107 -2
39079 -1
99273 1
62638 -1
35848 -2
78929 -1
85146 -1
44572 1
2592 -2
6250 -2
2584 -2
98686 -2
84083 -1
49163 1
42617 -2
4946 -2
77160 -2
34669 -1
56728 -1
3402 -1
33094 -2
88415 -1
17935 -2
38965 -1
61284 -2
2942 -2
19698 -2
88161 -1
40663 1
28851 1
55697 1
84480 -1
88697 -1
36666 1
87736 -2
50991 1
14456 -1
90271 -1
553 -1
63188 -2
27251 -2
36462 -1
87670 -2
80315 -1
72642 -2
14146 -2
84683 1
36821 -2
76040 1
52232 1
80998 1
18692 1
42276 1
43281 -2
80142 1
7183 1
31306 1
4710 1
31094 -2
30544 1
25848 1
35324 -1
19375 -2
69742 -2
52736 1
31894 -1
65339 1
45356 -2
26255 -2
38577 -2
68942 -2
85459 1
22655 -1
47899 -1
73890 -2
12127 -2
7986 -1
17494 1
21651 1
1251 -2
13253 -1
50719 -2
54325 1
46425 -1
95313 -1
29612 -1
58936 1
88309 1
38667 1
6949 -2
70797 -2
96248 -2
90917 -2
78697 -2
55028 -2
35190 -2
57229 -1
27726 1
52880 -1
55014 1
89680 -2
54263 -1
10474 1
51137 -1
75136 -2
2470 1
2725 1
5666 -2
92276 -1
10814 -2
90703 1
60709 1
16140 -1
46608 1
19229 -1
92824 -2
27073 -2
41351 -2
58653 -2
10565 -2
77356 -1
16531 -2
31059 1
91456 -1
29659 -1
10343 1
26171 -2
13508 1
68069 1
42468 -2
74594 -2
83151 -2
45350 1
65926 -2
25528 -2
97725 1
58991 1
95536 -1
57793 1
33 1
89730 -2
15141 -1
42273 1
13541 -1
89825 -1
94919 1
54711 1
47430 -2
4623 -2
29914 -2
58053 -2
73147 -1
79391 1
97775 -2
43837 1
5725 -2
92531 -1
45367 -1
13782 -1
97402 -2
44803 -1
13334 1
30959 -1
39837 -2
52965 1
36857 -1
12846 -2
43745 -1
42053 -2
14387 -1
63007 1
70512 -1
75568 -2
86012 1
85539 -2
31441 -1
83426 1
29861 1
41181 1
26635 -2
76998 -2
52380 -1
47238 -2
3307 -1
61817 -2
8153 -2
75522 1
83447 1
10170 1
51025 1
82808 -2
11872 -1
33871 -2
55116 -1
58498 1
56212 -1
25182 1
93201 -1
27166 -2
32794 1
88910 -2
76364 -2
53514 1
83314 1
48677 -1
6619 -2
99630 1
20161 -1
53771 -1
94376 -2
18968 -2
65734 1
25012 1
14327 1
92232 1
13361 1
36221 1
10597 -2
10109 -2
29838 1
55403 1
88580 -1
48338 1
69763 -2
37757 -1
8546 -1
81865 1
30534 1
38792 -1
10387 1
53565 -2
66168 -1
10594 -1
85990 -1
21124 -1
36965 1
64204 -2
48478 -1
77931 -1
24755 -1
65938 1
55284 1
67073 -1
30636 -2
58593 -2
28387 1
51564 -2
40355 1
73141 1
91499 -1
68474 -1
66409 -1
7640 1
90307 1
95784 1
20629 -2
3334 -1
74385 -1
48756 -2
97819 -1
51465 -2
36772 -1
41802 -1
20945 -1
64266 -1
36354 -1
73303 -2
73200 -1
55358 -1
89160 -1
62599 1
65470 -1
57850 -1
88156 -2
20116 -2
28117 1
50907 1
65005 1
31141 1
40972 1
77262 -1
60495 1
79323 -2
72325 -1
76251 -2
20961 -1
42451 -2
43603 1
8921 -2
79848 -2
65952 1
18627 -1
72326 1
76317 -1
46229 1
19613 -2
71643 -2
82026 -2
28561 -2
74303 -2
83552 1
4525 -1
41856 -2
44177 -2
19203 -1
20864 -2
56780 -1
94404 -2
87000 -1
49116 -1
44397 -2
13491 1
7148 1
74892 1
60714 -2
32295 -1
74613 -2
53280 -2
44474 -2
39843 1
9992 1
54562 1
95906 -2
90661 -2
1780 -2
77314 -1
75596 -2
84292 1
20091 -2
64602 -1
87171 -2
42953 1
10869 1
87373 -1
3182 -1
3582 -2
8844 -1
25516 -2
97679 -2
85162 1
81567 1
16992 -2
88374 1
21958 -2
54008 -1
41287 1
68067 -2
45277 -1
78923 -1
58460 -2
2312 -2
91173 1
85551 1
19429 1
15888 -2
95992 -1
13340 1
66113 -1
26238 -1
43785 -2
94083 -2
73940 -2
72853 -1
53009 -1
13996 1
25528 1
37958 1
55514 1
59742 -2
54917 1
60955 1
24814 -1
38776 -1
6180 -2
42603 1
33863 1
14799 -1
33377 -1
91709 1
88420 -2
11410 -2
9976 1
83087 1
68843 -2
35609 1
44825 -2
79493 -1
54986 -1
43116 -2
81606 -1
63447 -2
48511 -2
52605 1
33026 -2
96902 -1
39486 1
86240 1
41421 -1
12763 1
34580 -1
27537 -2
75475 -1
50057 -1
10365 -2
23517 -1
11090 -1
54577 -2
90734 1
15728 -1
36412 1
70254 1
35104 -1
25117 -1
4342 -1
98027 1
41765 -2
58952 -1
63738 1
17039 -1
6077 1
33281 1
3377 1
59711 -1
76909 -1
66707 -2
78546 -2
18432 -1
17254 1
4872 -1
32259 -2
33917 -2
22736 -1
79889 -1
85057 -2
70348 1
44985 -1
46110 1
51085 1
25087 -2
65292 -1
59683 -1
92381 -1
19080 1
88203 1
2385 -1
4889 -2
81790 -2
4491 -2
87268 -2
79880 1
34112 1
45417 -1
86085 1
72291 -1
22968 -1
14482 -1
63440 -1
49614 1
26754 -1
59062 1
31259 -1
13242 -2
75872 1
90312 -2
31075 -1
8968 1
91209 1
96956 1
38017 1
89336 1
99243 -2
60998 -1
3958 1
98406 -2
12509 -1
20237 -1
50064 -1
37977 -2
64988 1
5123 -1
98376 -2
64916 -2
86630 -2
42763 -1
43804 -2
9207 -2
36739 -2
94987 -2
75205 -1
84873 -2
46299 -1
39124 -2
98736 -1
3062 -1
70559 -1
17031 1
99227 -1
23435 1
76385 1
50635 -1
58845 1
518 1
40980 1
28274 1
93981 1
80890 1
54377 1
64247 -1
18827 -2
57496 -2
22230 -2
34157 1
67389 -2
68683 1
57516 -1
94172 -2
64792 -2
98452 1
440 -2
6288 -2
73359 1
5757 1
87396 -1
35633 -1
45274 -1
15320 1
97057 -1
33941 -1
76202 1
7760 1
17993 -2
46619 1
39915 -2
21887 -1
82532 -2
45232 -2
23277 -2
56605 -1
88425 1
24836 -2
15628 -2
11788 -2
2635 -2
73918 -1
32569 -1
64515 -1
19323 1
77607 -2
88768 1
75029 -1
80989 1
82311 -2
70951 1
26498 -2
56925 1
18352 1
22691 1
68287 1
10671 1
39067 1
75664 -2
75170 -2
15926 1
37374 -1
38675 -1
24160 -2
84735 1
91493 1
76306 1
25494 1
85819 1
99707 1
14659 -2
57627 -1
16132 -1
8792 -2
63544 -2
45856 -2
43124 -1
4410 -1
86858 -2
36612 -2
34031 -1
58696 -2
87791 1
94619 -2
96734 -2
15387 -1
56854 -2
62719 -1
37948 -1
7043 -1
94328 1
65868 -1
73834 -2
69591 -2
6790 -1
20535 1
67600 -2
18015 -2
55866 -1
83009 1
57236 -2
84624 -1
44601 1
78339 -2
9829 -1
44356 -2
68981 1
19666 -2
49503 1
10672 -2
82710 1
18632 -1
70241 -1
57685 -1
45338 -2
69786 -1
45859 1
81656 1
95569 -2
18224 -2
64409 -1
9344 -2
22157 -2
21108 -1
85957 1
15408 -1
99494 1
42542 1
43004 -2
9650 -1
48282 -1
47649 -1
65835 -1
35850 -1
19306 1
62685 1
54637 -1
88141 -2
87556 1
48712 -1
18295 -1
10194 -2
88084 -2
95625 1
26720 -1
46851 1
83192 -1
96773 -1
21586 1
91278 1
77320 -2
82552 -2
64404 1
99135 1
15154 -2
74725 1
74242 -1
96994 -1
79698 -2
27205 1
13902 -1
64776 1
4353 -1
75401 1
29263 -2
27282 -2
83865 1
82781 1
16650 1
21826 -1
62778 1
80235 -1
79017 -1
17806 -2
8703 -2
15844 -1
6076 -2
37003 -1
46897 1
34090 -2
27042 -2
12443 -1
82920 -1
23158 -1
13744 1
73391 -2
77474 1
68073 -1
93291 -1
99390 1
84287 1
19701 -2
74302 1
73142 -1
47846 -1
67773 1
71816 -2
41862 -2
86493 1
41895 -2
96205 1
51781 1
62916 -2
29581 1
70775 -1
13914 -1
88090 1
41072 -1
19566 -2
90144 -2
89476 1
21716 1
58421 -1
55543 -1
35779 -1
65791 1
23733 1
60007 1
24739 -2
80652 -2
2011 -1
48810 1
2027 -2
23152 -2
3127 -2
55141 1
55683 1
41045 -2
54254 -1
28225 1
69805 -1
16311 -2
78607 -2
537 -2
34290 -1
76086 -1
34232 1
58158 -2
29780 -2
53140 -2
64793 -1
74018 -2
80479 -1
80280 -2
96774 1
89652 -2
58241 1
14502 1
58996 -2
49063 -1
24335 1
79105 1
17454 -1
1331 1
85688 -1
40071 -2
40391 -1
32512 -1
60470 -2
92964 -2
56124 -1
34019 -2
77979 1
92984 -1
5287 1
74557 -2
27455 -2
85867 1
55988 1
31921 1
50249 -1
16598 -2
6486 -2
83252 -2
21723 1
33429 1
88156 -1
94212 -2
4711 1
91764 -1
39060 -1
79877 -1
49421 -1
64261 -1
71050 1
90859 1
2089 -1
34124 -2
69141 -1
49853 -1
17013 -1
42776 -1
85365 -1
28669 -1
96154 1
79213 1
69140 1
9295 -1
56677 -2
18780 -2
49771 -2
99641 1
69838 -1
804 -2
55130 -2
48070 1
97133 1
61158 1
59801 -1
53323 -2
43001 1
48769 -2
85922 -1
42486 -2
77716 1
96737 -1
77840 -1
66533 1
39413 -2
3835 -1
69102 1
85466 -1
72893 -2
96660 -1
96869 -1
31730 1
17256 -1
93808 -2
83700 -1
33366 -2
16758 -1
19271 -1
60970 -1
36382 -2
74128 -2
80127 -2
82753 -1
65417 -2
99612 -1
1497 -1
27022 -2
57490 1
28563 -1
90123 1
70322 -2
96112 -2
22154 1
64931 -2
57636 1
76629 -2
61733 1
33886 -2
43759 -1
7473 1
49259 1
10164 -1
37721 -2
8383 -1
32895 -2
53187 -2
49696 1
58167 1
87254 1
49640 -2
16047 1
90059 -2
76601 1
52732 -1
71017 1
69956 1
37594 -2
38713 -2
79596 1
64185 -2
43715 -1
26538 -2
74079 -1
8874 1
57981 -2
75145 -1
68253 1
39754 -1
70823 -1
99530 1
35357 1
29991 -2
78080 1
51854 -1
20064 -2
29077 1
19732 -1
7741 -1
4495 -2
2587 1
51265 1
64506 -2
15788 -1
62652 -2
129 -1
79161 1
54789 1
86834 -2
94614 1
86997 -1
43518 1
79966 -2
46045 -1
75327 -1
72603 -2
40944 1
65666 1
49920 -2
63194 -1
89439 -1
89054 -2
57238 -1
92741 -1
52776 -1
79503 -2
94871 -1
72992 -1
20389 -1
93913 -1
59428 -2
28431 -2
68884 1
7359 -2
94528 -1
36174 -1
92369 -1
10102 1
3241 -2
42776 1
59706 -1
84043 -2
31507 -1
53260 1
93643 -2
3491 1
11759 -2
9246 1
29800 -1
70523 -1
58780 -1
68427 -2
81939 -2
33151 1
95381 -2
43796 1
42334 1
34444 1
84285 -2
37631 -2
27131 1
89920 1
85051 -1
95208 -2
64564 -2
93500 1
82659 1
24797 -1
60518 -2
15728 1
2287 1
6227 -2
42946 1
4449 -1
95548 1
50063 -2
24109 -1
45440 -2
94869 -2
14057 -2
62690 1
38768 -1
93394 -1
90575 -1
45073 -1
87450 -1
3717 1
44759 -2
42686 -1
97749 -1
68441 -2
45847 -1
6110 -2
97550 -1
42488 1
1854 -1
38186 1
87855 1
48949 -1
29953 1
91048 -1
84231 1
22406 -2
17355 -1
77290 -2
39470 -1
75413 -2
48276 1
89197 -1
13820 -1
499 -2
23169 -1
86031 1
23282 -1
96951 -2
65826 -1
1402 -1
98825 -1
4360 1
86604 1
48686 -2
40380 1
52287 -1
50590 -2
76363 1
23662 -1
56387 -1
3458 -1
34566 -1
16515 1
32243 1
9725 -2
45410 1
71926 1
51314 -2
6292 -1
81268 1
56233 -2
88681 -1
68371 1
63618 -2
34015 1
87847 -1
62780 -2
81489 -2
46494 -2
64908 1
83890 -1
27772 1
64446 1
32187 1
65910 -2
58078 -1
62776 1
6221 -2
78858 -2
62561 -2
45220 -1
53091 -1
32508 -2
26420 -2
53340 -1
88079 -2
23226 -1
4708 1
4024 -1
52729 1
47736 1
15578 -1
60923 -1
29956 -1
93424 1
32658 -2
88589 1
56801 -2
39143 -2
8104 -2
22348 -2
18946 1
54808 -2
273 -1
96637 -1
13015 1
66531 1
52980 1
47509 -1
63054 -1
57582 -2
76068 -1
59845 -1
49533 -1
51450 1
40246 1
71471 -1
90847 -2
29059 -2
59885 -2
87768 -2
45683 1
73217 -2
80503 -2
9958 -2
32076 -1
80251 -2
32749 1
35003 1
7677 -2
25919 1
68972 -2
24559 -1
82583 -2
40320 -1
69782 -2
34563 1
66837 -2
13531 -1
67895 1
29917 -1
40415 -1
42846 -1
14796 -2
52434 -1
57320 -2
41622 1
75666 1
57141 1
92177 -1
39846 -2
72259 -2
49933 -1
80692 -2
96795 1
55485 1
93849 -1
23012 1
21701 1
74210 1
30354 -2
31034 -1
596 -1
50051 -1
75348 -2
43147 -1
94121 -1
25170 -2
67553 -1
73121 -1
78123 -1
94329 1
72641 -1
26725 1
47341 -2
54591 -2
32728 -1
74528 1
60095 1
11241 -2
66949 1
9491 -2
18291 -2
40087 -1
39552 -2
33084 -1
4968 -1
12003 -2
85473 -2
87606 -2
38710 -1
85986 -2
2901 1
85609 -1
97006 1
4566 -1
86303 -2
70373 -2
48982 -1
68646 -1
65540 1
91084 1
31040 -1
5184 1
57009 1
27128 1
82298 1
51040 1
83402 -2
56146 -2
41514 -1
2009 -2
53436 -2
53924 -1
75293 -1
20371 -2
39730 -1
54301 -2
81759 -2
74127 -1
4816 -1
96703 1
44039 1
71608 1
64740 -2
73176 1
86961 -1
98505 -1
48354 -2
5079 -2
79967 -1
89728 -2
10263 1
91801 1
78498 -2
25019 -1
5047 -1
52256 -2
35861 1
56294 -2
2626 1
6162 -1
43305 -1
36493 -1
32055 -2
36937 -1
68698 1
1325 1
55293 -2
94180 1
61700 -1
44818 -2
98189 -1
87599 1
50619 1
94075 -1
43820 -2
76810 1
78448 -2
92896 -2
65505 1
44034 -1
74355 1
95819 1
52306 1
52255 -2
58411 -1
30332 1
25508 -1
61062 1
78708 1
98346 -2
61542 -2
29571 1
11363 -2
84043 -1
57802 -1
74577 -1
48585 1
32907 -1
89818 -1
20447 -1
83844 1
88479 1
36825 1
23915 -2
72898 -1
88947 1
67432 1
82369 -2
91482 -2
37348 1
94504 -2
48086 -2
26105 -2
37373 -2
7449 -1
57856 -2
23847 -1
14935 1
6815 -2
42962 -2
66011 1
6228 1
75369 -1
40812 1
55118 1
84279 1
46043 1
22848 1
49078 -2
48695 -2
55156 -1
78738 1
80359 -2
5851 -1
97338 -2
7954 1
74338 1
89032 -1
21799 -2
24775 -2
9114 -2
53614 -2
11561 -1
95853 -2
64442 1
61371 -2
38044 1
78988 -2
74518 1
16469 -2
13990 -2
21594 1
51796 1
25145 1
63332 -2
56251 1
43294 1
85252 -2
76299 1
44164 -1
82197 -2
91813 -2
75538 -2
13407 -2
27918 -2
91753 -2
26024 1
14731 -1
47751 -2
88145 1
57661 1
16248 1
34267 1
81479 -2
51332 -1
93086 -2
22875 1
64251 -2
47006 -2
37735 -1
56002 -1
3919 -2
14199 1
57845 -1
10484 -1
64844 1
11809 -2
90940 1
45619 -1
66866 -1
63240 1
45738 -2
69629 1
12045 -1
80519 -1
31570 -2
31124 -1
72138 -1
130 -1
81692 -2
8704 -2
10131 -2
94636 -2
89718 1
65975 1
30524 -2
40559 -2
16076 1
598 -2
80640 -2
27898 -1
95700 -1
32137 1
53732 -1
76362 -1
18337 1
33168 -1
54323 -1
60184 -2
23234 -2
74744 -2
71352 1
91726 1
86463 -2
77138 1
71460 -1
3789 -1
91333 -1
66599 -1
46877 -2
43023 -1
70421 -1
95327 1
52045 -1
24301 1
58796 1
8833 -1
10367 -2
41496 -2
18715 -1
66507 -1
94503 1
72372 1
89141 1
23229 1
91887 1
90664 -2
56986 -1
52153 -1
83800 -1
52660 -2
85714 -2
67831 -1
61735 1
99092 -1
84713 -1
87660 -2
46085 -2
58832 1
45523 -1
77069 -2
58512 -1
88530 1
46441 1
56100 1
93274 -1
94272 1
15998 -1
74170 1
95698 -2
71880 1
96318 -2
52477 1
3892 1
82365 -1
13226 -2
19932 1
55085 -1
50616 1
16603 -2
64184 1
67283 -1
98801 1
6662 -1
2084 -2
24828 -2
9084 1
49381 -2
83855 1
27268 -2
24549 -1
40373 -1
23910 -2
73838 1
90748 1
90257 -1
77364 1
65704 -2
67256 -2
21827 -2
92533 -1
60282 -2
75142 -2
65072 1
77150 -1
89008 1
24903 1
28964 -2
51532 -1
68360 1
88650 1
1699 -2
51195 -2
79840 -2
40993 -1
88400 -2
27063 -1
47171 -1
69766 1
37334 1
42859 1
28451 -1
71602 1
42360 1
13675 1
57211 -1
47701 -2
10967 -1
31745 1
95997 1
29074 1
30155 -2
1440 -2
86191 -1
40776 -2
59338 -2
59799 -2
87521 -1
23051 1
21158 1
19023 -2
3838 1
81741 -2
81358 1
76702 -2
63826 1
31005 -1
62959 -1
19095 1
40866 -2
19259 -1
82765 -1
45764 1
2510 -1
93351 1
30259 -2
79548 -1
47322 -1
58966 -1
33367 -2
94074 -2
91105 -1
67683 -2
45363 -1
91734 -2
43368 -1
62414 1
29417 1
94415 -1
29491 -1
27580 -1
58026 -1
2161 -1
46702 -2
65176 -1
82901 1
64553 -2
32296 1
53066 -1
35173 -2
36186 1
82398 1
7336 -1
69409 -2
53599 -1
90884 -1
36867 1
44415 -2
13643 -2
13964 -1
63062 1
68426 -1
79404 1
32096 -2
68141 -2
36463 -1
71355 1
26987 -2
44002 -2
41920 -2
67146 1
32803 1
18657 -2
33308 -1
59071 -1
6255 -2
45374 -1
62144 -2
62509 1
57424 -2
84197 -2
20892 1
19947 1
40990 1
31360 1
33753 -2
43742 -2
91321 1
32820 -2
60103 -2
27276 -1
85278 1
79553 1
47691 -2
8247 -2
39889 -1
30212 1
43036 -2
15808 -1
83027 -2
50787 -2
6376 -1
37396 -2
82366 1
88315 -1
35689 1
78635 -2
8469 -1
81607 -2
62194 -2
23356 1
54046 1
92731 -2
40217 -2
4835 -1
98721 -2
40313 -2
24738 -1
38269 -2
63568 -2
28515 1
47042 1
94767 -1
6539 -1
83387 1
65513 -1
80885 -1
4841 -2
25157 -2
97308 1
967 -2
77009 -1
44898 -2
47693 -1
88416 1
37577 -1
23123 -2
77570 1
22157 1
20789 -1
81482 1
91930 -1
66488 -2
85009 -2
49687 -2
20967 -2
57478 -2
50858 1
29817 1
64157 1
55026 -1
48529 1
1871 -1
79930 -2
46455 -2
37416 1
40035 -2
42729 1
92223 -2
1417 -1
44865 -2
54997 -1
99003 -1
55898 -1
69707 1
70138 -1
20913 -2
94206 -2
97777 1
53088 -1
20804 1
53553 1
90532 -2
18102 -1
58802 -2
98064 -1
52285 -1
49319 -2
52931 1
89716 1
6149 -1
20584 1
5866 -1
18156 -2
53868 -2
50676 -2
45465 -1
20805 1
16065 -1
27104 1
76592 -1
55485 -2
50958 -2
53559 -1
81169 1
69970 -2
23492 1
95543 -2
5922 1
78082 -1
43319 -2
74262 -2
66060 -1
36701 -2
46856 1
29406 -1
75401 -1
81331 -2
75598 1
95035 1
86025 1
32350 1
74322 -1
63985 -1
69144 -2
94432 -2
15642 1
12597 1
2865 -2
47673 -2
19702 1
78903 1
65435 -1
48236 -1
81979 -2
95594 1
86454 -1
66352 -2
84408 1
973 1
44171 -2
4159 -2
22882 -1
60677 -1
25811 -2
7616 -2
7288 -1
55912 1
80821 -2
52032 -2
78169 -1
42610 -2
32645 -2
12036 1
421 1
31009 -2
30623 1
31554 -2
86003 1
12415 -1
96893 1
14080 1
38373 1
2582 -1
9233 1
51338 1
71491 -2
23801 -2
23349 -1
47224 -2
49906 1
49158 -2
60640 -2
76725 -2
86437 -2
43132 -1
92389 1
17878 1
48450 -1
95717 1
76212 1
24349 -1
96666 1
31603 -1
97476 1
95353 1
19653 1
45753 1
92715 1
21716 -1
13513 1
63689 -1
63826 -1
68943 1
17262 -1
4460 -1
62518 1
61016 -1
86332 -2
28048 1
3260 1
21364 -2
64544 -1
23726 1
21928 -2
37799 -1
19282 -1
1319 -1
44324 1
25628 1
187 -1
44073 1
88537 1
87732 -2
11426 -1
63593 -1
68704 -1
76754 -1
36620 -2
28042 -2
76774 -1
98221 -2
34178 -2
22322 -2
17827 -2
82612 -1
84175 1
97692 -2
39003 1
94883 1
13569 1
51524 -2
16946 -1
49135 1
36548 1
38894 -1
92431 -2
4724 1
47309 1
7138 1
97532 -1
92046 1
51030 -1
73573 -1
70026 1
17453 -2
31786 1
61817 1
16486 -1
85587 1
52560 -1
18410 -2
67403 1
73271 1
83932 1
25419 -1
29312 -1
28522 1
90268 1
59424 -1
61354 -1
20845 -2
93461 -2
70796 -2
13217 -1
14866 -1
33927 -2
21742 -2
31787 1
17323 -1
25080 -2
23612 1
10056 1
55511 1
96091 1
82897 -2
95944 -2
81707 1
22348 -1
2104 -1
62728 -1
33591 -1
59178 -1
26333 -1
3114 -1
5698 -2
31224 -2
24869 1
41022 -2
35580 -1
51725 1
38105 -2
51191 1
47297 -1
66912 -1
86056 -1
33758 -2
20458 -1
90439 -1
4284 -2
71918 -2
80956 -1
40851 -1
79543 1
14614 -2
1173 1
91267 -1
75765 -1
71108 -1
88619 1
33273 -1
46783 -2
72967 -1
23405 1
27627 -1
13791 1
51920 1
52549 1
56223 -2
39673 1
80425 -1
69509 -1
35987 -1
13714 -2
44836 -2
66221 -1
84475 -2
22883 -2
77461 1
86870 -1
26653 -2
80755 -2
92906 -1
73342 -1
6559 1
2582 1
82297 1
31798 1
68229 -1
96392 1
14796 -1
39200 -2
16140 -2
15512 -1
69556 -1
11902 1
11691 -2
17461 -2
74291 1
19544 1
48043 -1
17132 -1
90290 1
31722 -2
19686 -2
43806 1
56106 -1
56165 1
30178 1
10369 -2
47421 -1
56159 -1
82676 -2
67619 -1
58093 -1
62156 -2
64671 -1
55 -1
3914 -2
64354 -1
32368 1
38587 1
30452 1
61268 -2
3752 -2
99263 1
99185 -1
87740 -1
62992 -1
17566 1
72661 -2
62604 1
37720 -1
7503 -2
51018 -2
42148 -1
87815 1
54992 -2
40129 -1
10749 -1
82078 -1
62062 -1
60428 -2
74884 1
41946 -1
59954 1
25778 -2
8089 -1
89669 -2
50051 1
70474 -2
22409 1
49774 -1
71991 1
71006 -1
86675 -1
90286 -2
20543 1
93950 1
84882 -2
98842 1
46272 -2
56349 1
17371 -1
10857 1
85273 -1
81982 1
63736 -2
47775 -1
5195 -2
12929 1
45448 -1
61437 1
77756 1
43896 1
25138 1
12340 -2
97179 1
46310 1
3310 -1
73390 -2
82879 -1
1129 -1
20151 -1
5748 1
15384 1
62329 -1
30056 1
66745 -1
77929 1
20258 -1
89195 -2
13785 -2
980 1
63714 1
48459 1
61030 1
10053 -2
11470 -2
46347 1
95505 -2
25542 1
68281 -1
46796 -1
60476 1
47659 1
11708 1
85371 1
67913 -2
89909 1
69314 -2
49799 1
12422 1
98988 -1
75739 -1
44182 -1
91399 -1
52584 -1
53519 -1
83953 -1
23126 -1
79769 1
70457 1
47198 1
11745 -1
53305 -1
7295 1
43786 1
38178 -1
61504 1
57179 -2
92000 -2
14233 1
3802 1
22006 1
33133 -2
38303 -2
83841 -1
31048 -2
60179 -2
6948 1
27858 1
93535 -2
90811 -1
45106 1
65241 1
42324 1
84565 -2
84569 1
48742 -1
25607 -2
3615 1
37920 -2
70028 1
8646 -1
73509 -1
22603 -1
68878 1
88654 1
36051 1
15137 -2
10994 1
90767 -1
15624 -1
62657 -1
10793 -2
2412 -1
20523 -2
83167 -1
22207 1
33584 1
59402 -2
45427 -2
3256 -2
15623 1
84782 -2
85101 -2
1701 -1
7733 -1
48224 -1
73 1
34779 -2
40855 -1
21858 -2
30004 -1
89758 1
30305 1
92097 -2
60765 1
51680 -1
57920 -2
24284 1
381 -2
71514 -2
54989 -1
96780 -2
9955 1
98667 1
62538 -2
83157 1
74105 -2
65782 -1
21119 -2
72233 -2
91725 1
6796 -2
57155 1
49620 -1
79865 -2
41263 1
81128 -1
1342 -2
17268 1
88740 -2
84956 -2
69915 1
39784 -1
71191 -2
91531 -2
49929 -1
82138 1
84320 1
44381 1
51418 -1
65109 -2
34401 -1
41250 -1
45831 1
5854 -2
91951 1
64136 -2
508 -1
42125 -1
76954 -1
80725 -1
32463 -1
6526 -1
41943 -1
48378 1
50114 -1
31690 1
40960 1
67516 -1
13468 1
79063 -2
86987 -1
13399 -1
33932 1
14133 1
49927 -2
44119 -2
77964 -2
1251 1
61417 -1
86698 1
66320 -2
85727 1
82674 -2
61116 1
53809 -1
54450 -1
72383 -2
25283 -2
94159 -1
94302 -1
85684 -2
42163 1
5532 -1
10436 -2
54263 -2
45110 -2
74089 -2
13844 -1
26167 -2
9590 -1
68454 -2
44412 -2
45955 -1
86674 -1
13084 -1
85740 -2
43453 -2
89180 -1
9914 1
99997 1
1480 -1
76083 -1
81867 1
41734 1
88682 -1
54678 -2
23538 1
40805 -2
43827 -2
79276 1
34024 -1
6686 1
54643 1
27442 -1
85667 -1
62012 1
63516 -2
83938 -1
96710 1
8775 1
4223 1
33288 -1
11750 -1
88638 -1
29896 1
65459 1
15267 -2
77377 -2
66141 -2
57619 1
3411 -1
56462 -2
50275 -2
99389 -2
67555 1
24003 -1
96757 -1
58033 -2
48766 -2
52362 -2
9210 -2
13834 -1
80930 -2
83592 1
23833 -1
83993 1
22850 -2
18969 -2
77700 -1
7774 -1
68197 -1
89584 -2
60944 -2
54109 -1
11174 -2
60392 1
35993 1
86622 -2
11667 1
67941 -1
44107 -1
975 -1
36702 -2
74258 1
82500 -1
98850 1
46508 1
98334 -2
53346 1
83010 1
24100 -2
16309 -2
37208 -2
61117 -2
99775 -1
16237 1
30239 -2
13803 -1
10188 -1
59805 -1
57002 -1
6993 -1
19930 -1
94760 -1
36928 1
21152 -2
16926 1
8263 -1
75347 -2
17267 1
94282 -1
6193 -1
6551 -2
17464 1
9907 -2
45380 1
58666 -2
5971 -1
56873 1
39068 -2
25392 -2
50045 -1
13450 1
57024 -1
17778 1
50875 -1
46173 1
37708 -1
84231 -2
11980 -1
64122 -2
81755 1
96160 -2
22661 -1
60129 -2
95171 1
19021 -2
31172 -1
63396 -2
96693 -2
53841 -1
77716 -2
91952 -2
53529 -2
62429 -2
29092 1
92881 -2
55635 1
35151 -2
21520 -1
98631 1
15508 -2
10270 -2
32506 -2
62544 -1
53709 -1
35575 -1
40826 1
60123 1
66643 1
71708 1
71481 -2
98259 -2
62732 -1
6706 -1
15627 1
75575 -1
55382 -1
86089 -2
12091 -2
38629 1
17043 1
43940 1
32741 -1
32899 -1
77030 -2
51539 -2
41228 -2
73642 -1
62225 -1
42505 1
89376 -1
49923 -2
56079 -1
34923 1
16192 1
26215 -2
73769 1
48031 -2
70767 -1
12060 -1
44879 1
29995 1
44074 -2
27534 1
65262 -1
62920 -2
43732 1
49769 -2
71556 1
53513 1
3184 -2
92993 -2
18771 1
74395 -2
28985 -2
48895 -1
8431 -2
43501 -2
27658 -2
95066 -1
59446 1
8466 1
10 1
2696 1
93270 -2
80766 -1
25065 1
64494 -1
3229 -2
14386 1
62505 -2
98232 1
86393 -1
41270 -1
12771 -2
88614 -2
5248 -2
5479 1
71558 -1
99405 -2
41633 -1
55450 -2
57619 -2
21317 -2
10902 -2
15290 1
91678 1
76103 -1
65367 1
47931 -2
94765 -2
3271 -2
24342 -1
47788 -2
20317 -1
82556 -2
87667 1
53473 -1
46873 -2
51214 -1
65491 -2
89044 -2
23867 -1
53525 -1
22666 -1
88170 -1
87862 1
12000 -2
64892 -1
88446 -1
46457 1
75106 -1
77390 -1
46723 -1
72764 1
88117 -2
1590 -1
94724 -1
67102 1
96732 -2
25452 -2
48351 -2
87930 -1
32815 -1
303 -1
67584 -1
83184 -1
39899 -1
81086 1
21915 -2
30773 -1
46100 -1
75254 -1
71707 1
88015 1
3750 -2
7794 -1
42158 -1
4858 1
49292 -1
26727 -2
40665 -1
24931 -2
31271 1
14648 1
66390 1
11023 1
5708 1
6292 1
27352 -1
97604 -1
2688 1
36082 -1
95228 1
33712 -2
5435 1
34397 1
23017 -2
5973 -2
96032 1
59017 -2
89250 1
89013 1
92144 1
75919 -1
87646 1
92870 -2
82278 -2
89379 1
33179 -1
28392 1
99177 -1
88438 1
357 -2
58198 1
83650 1
89184 1
1126 -2
77794 -2
33141 1
99093 -2
78380 1
45666 -1
59549 -1
96273 1
51672 -2
93884 -1
57822 1
74281 -2
83594 1
41807 -2
41932 -2
2490 1
46580 1
94457 1
12366 1
79846 -2
17447 -1
29552 -1
19027 1
79365 -2
29902 -1
81837 -1
17052 1
80085 -2
26376 -1
91737 -2
60242 -2
62797 -2
11657 1
71629 -1
13972 -2
9380 1
24021 -2
96637 1
30138 -1
48345 1
21023 -2
78992 1
93457 -1
14294 1
62545 1
37468 -2
72629 1
48933 -2
64246 -1
94017 -1
77768 1
13892 1
65689 -1
68668 -1
64964 -2
26514 -2
16177 1
79625 -1
54298 1
78945 -2
85402 -2
16490 -2
20095 -2
91506 1
18873 1
72865 -2
18458 1
76449 1
11405 1
15355 1
45914 -1
18326 -1
81536 -1
3776 -2
60401 -2
53346 -2
48867 -2
99084 1
60727 1
42619 -1
86792 -1
34138 -2
54863 1
74142 -2
93853 -1
83165 1
60130 -1
87777 -1
44382 1
98652 -2
689 -2
7157 -2
27024 -1
19010 -1
35872 -1
92697 -1
77100 -1
64883 1
2622 1
35869 1
66129 -1
77625 1
93555 1
89796 -1
70787 -2
91456 -2
77647 -1
98193 -1
73939 -1
54378 -1
34587 -2
12261 1
62276 -2
28024 1
79376 1
28268 1
4511 1
33657 -1
9418 1
34978 -2
13775 -1
6742 -2
28455 -1
83055 -1
19864 -1
80859 1
89358 1
32930 1
611 -2
41611 1
84896 1
96624 -1
19246 -1
7145 -1
65151 -2
42238 1
72912 -2
735 -1
20000 -2
35472 1
17512 -1
38369 -1
19015 -2
41647 -2
17271 -2
36254 1
24231 1
65151 1
60995 -2
19033 1
1803 -1
57874 1
68321 1
81138 1
13611 -2
26763 -2
4931 1
62857 -2
32822 1
30057 -1
93193 -2
32345 1
2882 -1
67376 -2
29875 -2
96113 -2
71513 -2
50976 1
84512 1
35081 1
1570 -1
83123 -1
22927 -1
71941 1
72678 -1
36961 -2
87925 -1
49820 -1
16915 -2
65845 -2
88039 1
76258 -2
48732 -1
3925 -1
84503 1
74536 -1
51606 -1
7438 -2
63788 -1
76020 1
57179 1
46644 -2
44242 -2
69538 -1
4656 -1
84851 -1
32065 -2
51022 -1
99105 1
56184 1
37266 -1
95926 1
1403 1
66441 1
74596 1
41471 1
90103 -2
57164 1
10392 -2
62927 -1
24696 -2
41915 -1
52719 -2
93897 -1
55012 -2
69098 -1
28856 -2
86749 -2
68066 1
3488 -2
64905 1
50328 1
31130 -1
74298 -1
88976 -2
61327 -2
95598 -1
29250 -1
77687 -2
83242 -2
98839 -1
34867 1
84396 -2
48783 1
84619 -1
1978 -1
30667 -2
72298 -1
70649 -2
38154 -1
49564 -1
84155 1
21897 1
99567 -2
15516 1
86979 -1
7361 -1
56090 -2
9084 -1
39295 1
65179 -1
31895 -1
51775 -2
9443 -1
52243 -1
11972 -2
54542 1
20691 -2
34798 -1
56937 -1
28151 1
40558 -1
48750 -1
16925 -2
14149 -2
13749 -1
11299 1
12342 1
16295 -2
92360 -1
51932 -2
81023 -1
57603 -1
14006 -2
52502 -1
63942 -1
66778 -1
26847 -2
36701 1
27925 1
75045 -2
60139 -2
27733 -2
78795 -1
19682 -2
45193 -2
84725 -1
31767 -2
12767 1
88735 -2
59604 1
36492 1
8697 -1
96868 1
60198 -1
55388 -1
38844 -1
96640 1
20601 1
77272 -2
32439 -2
443 1
40192 1
95743 -2
10520 -2
56311 1
97562 -2
6087 1
94341 -2
67296 -2
9666 1
61986 -2
41347 -2
56779 1
11243 1
35612 -2
37005 1
91515 1
81457 -1
64674 1
49319 1
7565 -1
652 -1
3689 -1
22537 1
88977 1
12430 -2
31385 -1
49527 1
21811 -2
18861 1
16233 -2
86956 -2
73214 -1
56087 -2
21850 1
69291 1
16286 -2
58117 -1
81450 1
85378 -1
46038 1
9379 -1
89150 -2
2326 -2
26446 -1
84871 1
51094 -1
83765 -1
40153 -1
83796 -1
56940 1
58300 -1
11639 -2
14572 -2
92036 -2
82956 -1
32705 -1
45533 1
34731 1
32818 -1
45769 -1
19713 -1
99400 -1
64203 -2
39147 -2
92208 -2
1577 1
90900 1
85470 1
79236 1
40528 -2
60414 -2
25736 1
48563 -1
44721 1
73350 1
78868 -1
24033 -2
71237 -2
28776 -2
69583 1
23354 -1
3953 -2
48537 1
72162 1
34098 -2
98978 -1
24565 1
71976 -1
48837 -1
53350 -1
88431 1
89634 -2
70647 1
92669 -2
83792 -1
69122 -1
74155 1
79210 1
71263 -1
22557 -1
5080 1
83070 -2
1478 -1
29828 -1
18421 1
80648 -2
63601 -2
46077 -2
4508 -1
60108 1
3851 -1
96516 -2
9861 -1
88649 -1
54219 1
56504 -2
6391 1
1306 -2
6645 -1
84145 -1
70229 1
19944 1
92103 -1
91802 -1
61895 1
62620 -1
39599 -2
8485 -2
16541 -1
65850 -1
92170 -1
46365 -1
88064 1
78701 -2
35528 -2
32166 -1
47152 1
6143 -1
7445 1
66114 -2
68715 -2
55028 1
78901 -2
29631 -1
80787 -2
3733 1
30713 -2
90478 1
43548 -1
39794 1
55032 1
18518 -2
34294 -2
85982 -2
91989 -2
83960 -1
76278 -2
68393 1
20401 1
49150 1
35797 -2
56263 -1
30321 -1
50751 1
68764 1
71381 -2
68753 1
70085 -1
82492 1
67867 -2
98570 -1
91394 -1
83493 -1
3735 -2
2394 1
35131 1
62712 -2
86589 1
50806 -2
98557 -2
69308 -2
19012 -2
33794 -2
88183 -2
78460 -1
13422 -2
60831 1
12638 -2
93016 -2
71989 1
81746 -1
50066 -2
92836 -2
92976 -2
69153 -1
73907 1
10356 1
42288 -1
44030 -2
4452 1
17677 -1
16927 1
40556 -1
77014 -1
12696 -1
92461 1
57958 -1
27860 -2
34473 -2
68524 -2
24292 -2
96945 1
59613 -2
51114 -1
55437 -2
50413 1
46626 1
109 -1
1977 -1
38675 1
98185 1
90089 1
55348 -2
9253 1
48327 -2
61625 1
10510 1
97985 -2
76568 1
69534 1
8391 1
27069 1
65894 -1
4662 -1
77955 -1
19234 -1
15958 -2
62112 1
33480 -2
16529 1
90016 -2
60977 -1
97631 -2
92985 -2
40940 -2
41043 -1
29817 -2
42022 -1
46866 -2
80026 -1
17631 -1
81002 -1
98261 1
40703 -1
70659 -1
94790 -1
86983 -1
46803 -1
44901 -1
23846 -2
43150 1
33248 -1
12526 -2
77246 -1
52470 -1
20659 1
57615 1
95146 1
54501 1
27500 -2
4001 -1
34375 -2
65027 1
38952 -2
75391 1
2641 -1
7002 1
29789 -2
14924 1
30396 1
88612 -1
18770 -2
47772 1
77873 1
48301 -1
11061 1
14755 1
77084 -1
59207 -1
71139 -1
82743 -2
38941 -1
80706 1
10740 -2
13679 -2
84779 -2
67345 1
50386 1
8555 -2
31961 -1
29291 -2
72495 1
69919 -2
50137 -1
51960 -1
82624 -2
88727 1
90737 1
8302 -1
86553 1
21747 -1
15898 -2
39599 -1
75227 -1
72401 -2
23299 -2
77213 1
24002 -1
22246 -2
6471 -1
77135 -1
23637 -1
69539 1
14547 -2
90589 -1
44759 1
27771 -2
38497 1
13273 -1
97066 -2
59680 -2
99208 1
20612 -2
12675 -2
95588 1
50514 -2
3872 -2
86683 -2
82484 -2
11438 -2
34223 -1
95834 -2
29235 -2
79562 -2
52930 1
97465 1
14825 -1
28365 -1
28529 -1
44527 -1
79584 -1
32984 -1
22250 -2
76261 -1
81470 1
14431 -2
11472 -2
85721 1
30523 1
21274 -2
73676 1
65078 1
79433 -2
72033 -2
97589 1
12737 -2
79788 -1
52062 -2
47160 -1
37260 -1
48154 -1
10045 1
71695 -1
30971 -2
20103 1
34907 -1
64831 -2
90358 -1
58947 -1
96972 -1
99975 1
205 1
70302 -1
59617 1
73379 -2
39574 -2
34576 -2
48856 -1
48717 1
56600 -1
62209 -1
28413 1
81285 -1
33412 1
36866 1
29780 1
37018 1
77880 -2
96123 -1
60087 -2
49099 -1
96636 -1
42642 -1
62926 1
70171 1
31772 -1
75090 -2
8761 -2
92615 1
22031 -1
47106 -1
28493 -2
1121 -2
5433 -2
72860 1
93559 -1
65075 -2
75108 1
87393 -1
80748 1
54110 1
35986 -2
66628 -2
33343 1
89447 -2
73752 1
64574 -2
98009 -1
37984 -2
69686 1
1676 -1
79696 -1
3222 -1
67623 -1
46744 1
5180 -1
85218 -2
64927 -2
70883 1
62804 1
40297 1
20808 -1
10619 1
61585 -1
13351 -2
72610 -1
4824 -1
9875 -1
88295 -1
30240 -2
83275 -1
38294 -1
87776 -1
15383 -2
15931 1
70971 -2
73299 -2
74723 1
57110 -2
59617 -1
1897 1
29785 -1
55505 -2
19643 -1
33730 -1
6530 -1
6778 1
14045 1
24627 1
80545 -1
50985 -2
24737 -2
17354 -2
98546 1
34017 1
58046 1
98032 -2
55207 -1
42937 1
99693 -2
98294 1
98731 -1
3660 -1
82856 -1
72497 -1
65573 -1
174 -2
98510 -1
99768 1
49190 1
37901 -2
32067 -1
61371 -1
47215 1
96470 -2
40089 -1
56644 1
12149 -1
91716 -2
13979 -1
13847 -2
54306 -2
14363 -2
25634 1
62386 -1
31994 1
55486 1
5032 -1
55743 1
34588 1
41174 -2
66303 -1
95156 -2
25703 -2
97122 1
54155 1
67432 -2
9468 -1
44903 -2
57731 -2
4880 1
10196 -2
76504 -2
90639 -1
38998 -2
4301 -2
21460 -2
80682 -1
79094 -1
43753 1
78328 -2
13963 1
18355 1
29901 1
9442 -2
77766 -2
93578 -1
80071 -2
59141 1
93714 -1
52546 -2
98828 1
27632 -2
15415 -1
53895 -2
44992 -2
93602 1
98810 -2
35042 -1
51333 -2
37451 1
61733 -2
23243 -2
577 -2
41572 -2
66883 -2
14303 1
34924 1
98102 -2
47985 1
49604 -1
28037 -2
28228 -1
61502 -1
18734 -1
76504 1
62333 -2
19592 -2
592 -1
22462 1
75567 1
98925 1
1670 -2
35693 -2
55963 -1
81202 -2
97515 -2
32180 1
3798 1
44843 -1
15807 -2
15843 -1
94811 -1
71767 -2
63988 -1
29727 -2
95569 1
54230 -1
71836 -1
77359 -2
34504 -2
7683 1
83449 -1
55948 -1
51825 1
929 -2
68553 -1
93189 -2
74393 -2
66869 -2
47622 1
8560 -2
72579 1
25475 1
42934 -2
86959 1
28996 1
42088 1
73993 1
13471 -2
43204 -2
54634 -1
57837 1
74435 -1
4896 -1
38371 -2
11297 1
91258 -2
88932 1
40214 -2
87648 1
85321 1
14259 1
81825 1
79168 -2
70656 -2
85656 1
54309 -1
6113 -1
78662 -2
67681 1