2 1
2 2 1
2 1
2 1 2
3 2
2 1 2
2 3 1
4 3
2 1 2
2 2 3
2 3 4
5 4
2 5 4
2 4 3
2 3 2
2 2 1
5 4
2 1 2 
2 2 3 
2 1 3 
2 1 5
5 2
2 3 2
2 5 3
10 1
2 9 2
10 4
2 10 1
2 2 9
2 8 3
2 4 6
10 7
2 1 2
2 3 2
2 4 5
2 6 5
2 7 8
2 9 8
2 10 1
12 11
2 1 7
2 1 8
2 1 9
2 1 10
2 1 11
2 1 12
2 1 6
2 1 5
2 1 4
2 1 3
2 1 2
15 9
2 1 3 
2 3 8 
2 3 4 
2 8 12 
2 4 7 
2 7 11 
2 7 10 
2 3 2 
2 4 5 
15 9
2 4 3
2 4 8 
2 5 11 
2 6 4 
2 6 10
2 7 3 
2 7 6 
2 11 7
2 11 8 
20 9
2 20 18
2 18 16
2 16 14
2 14 12
2 12 10
2 10 8
2 8 6
2 6 4
2 4 2
25 3
2 2 12
2 12 22
2 25 1

